0.000000	29.507812
10.000000	29.453125
20.000000	29.406250
22.360680	29.625000
31.622777	33.281250
41.231056	33.429688
44.721360	33.531250
53.851648	33.671875
63.245553	33.796875
67.082039	33.796875
76.157731	33.828125
85.440037	33.523438
89.442719	33.195312
98.488578	32.218750
107.703296	31.531250
111.803399	30.328125
120.830460	29.343750
130.000000	28.476562
134.164079	28.023438
143.178211	27.312500
152.315462	26.570312
156.524758	26.335938
165.529454	25.921875
174.642492	25.609375
183.847763	25.210938
187.882942	24.882812
196.977156	24.500000
206.155281	24.265625
210.237960	24.062500
219.317122	23.835938
228.473193	23.671875
232.594067	23.421875
241.660919	23.625000
250.798724	23.539062
254.950976	23.531250
264.007576	23.625000
273.130006	23.750000
277.308492	24.109375
286.356421	23.640625
295.465734	23.710938
299.666481	23.812500
308.706981	24.046875
317.804972	24.078125
322.024844	24.335938
331.058907	24.304688
340.147027	24.117188
344.383507	24.250000
353.411941	24.156250
362.491379	24.062500
366.742416	24.414062
375.765885	24.250000
384.837628	23.875000
389.101529	24.140625
398.120585	23.804688
407.185461	23.742188
411.460812	23.882812
420.475921	24.000000
429.534632	24.054688
438.634244	24.015625
442.831797	23.937500
451.884941	23.921875
460.977223	23.726562
465.188134	23.695312
474.236228	23.804688
483.321839	24.289062
487.544870	24.140625
496.588361	24.671875
505.667875	25.070312
509.901951	25.187500
518.941230	25.148438
528.015151	25.101562
532.259335	25.101562
541.294744	25.179688
550.363516	25.179688
554.616985	25.218750
563.648827	24.976562
572.712843	24.773438
576.974869	24.796875
586.003413	24.679688
595.063022	24.820312
599.332963	24.820312
608.358447	25.390625
617.413962	25.851562
621.691242	25.968750
630.713881	26.242188
639.765582	26.171875
644.049688	26.367188
653.069675	26.328125
662.117814	26.468750
671.192968	26.617188
675.425792	26.812500
684.470598	26.992188
693.541635	27.070312
697.782201	27.320312
706.823882	27.359375
715.891053	27.328125
720.138875	27.398438
729.177619	27.609375
738.241153	27.710938
742.495791	27.906250
751.531769	28.210938
760.591875	28.445312
764.852927	28.734375
773.886297	29.187500
782.943165	30.109375
787.210264	31.007812
796.241169	32.250000
805.294977	33.757812
809.567786	34.132812
818.596360	34.109375
827.647268	34.078125
836.719786	34.054688
845.813218	34.023438
854.926897	34.000000
859.069264	34.382812
868.158972	37.187500
877.268488	38.539062
886.397202	38.539062
895.544527	38.859375
904.709898	40.000000
913.892773	40.000000
917.877988	40.000000
927.038295	40.000000
936.215787	40.000000
945.409964	40.000000
954.620343	40.000000
963.846461	40.000000
973.087869	40.000000
976.933979	40.000000
986.154146	40.000000
995.389371	40.000000
1004.639239	40.000000
1013.903348	40.000000
1023.181313	40.000000
1032.472760	40.000000
1036.194962	40.000000
1045.466403	40.000000
1054.751155	40.000000
1064.048871	40.000000
1073.359213	40.000000
1082.681855	40.000000
1092.016483	40.000000
1101.362792	40.000000
1104.943437	40.000000
1114.271062	40.000000
1123.610253	40.000000
1132.960723	40.000000
1142.322196	40.000000
1151.694404	40.000000
1161.077086	40.000000
1164.560003	40.000000
1173.925040	40.000000
1183.300469	40.000000
1192.686044	40.000000
1202.081528	40.000000
1211.486690	40.000000
1220.901306	40.000000
1224.295716	40.000000
1233.693641	40.000000
1243.100961	40.000000
1252.517465	40.000000
1261.942946	40.000000
1271.377206	40.000000
1280.820050	40.000000
1284.133949	40.000000
1293.560977	40.000000
1302.996546	40.000000
1312.440475	40.000000
1321.892583	40.000000
1331.352696	40.000000
1340.820644	40.000000
1344.061011	40.000000
1353.513945	40.000000
1362.974688	40.000000
1372.443077	40.000000
1381.918956	40.000000
1391.402170	40.000000
1400.892573	40.000000
1404.065526	40.000000
1413.541651	40.000000
1423.024947	40.000000
1432.515270	40.000000
1442.012483	40.000000
1451.516448	40.000000
1461.027036	40.000000
1464.137972	40.000000
1473.634962	39.812500
1483.138564	39.812500
1492.648653	39.812500
1502.165104	39.828125
1511.687798	39.828125
1521.216618	40.000000
1524.270317	40.000000
1533.786165	40.000000
1543.308135	40.000000
1552.836115	40.000000
1562.369995	40.000000
1571.909667	33.093750
1581.455026	32.054688
1591.005971	29.054688
1593.988708	28.898438
1603.527362	28.640625
1613.071604	28.375000
1622.621336	28.890625
1632.176461	29.406250
1641.736885	30.187500
1651.302516	31.406250
1660.873264	32.265625
1663.790852	31.953125
1673.349934	32.640625
1682.914139	32.992188
1692.483382	33.031250
1702.057578	33.039062
1711.636644	32.953125
1721.220497	32.812500
1730.809059	32.765625
1740.402252	32.742188
1750.000000	32.757812
1759.602228	32.796875
1769.208863	32.820312
1772.004515	32.765625
1781.600404	32.789062
1791.200715	32.773438
1800.805375	32.789062
1810.414317	32.843750
1820.027472	32.914062
1829.644774	32.992188
1839.266158	33.039062
1848.891560	33.070312
1858.520917	33.125000
1868.154169	33.093750
1877.791256	33.046875
1880.478662	33.039062
1890.105817	32.960938
1899.736824	32.875000
1909.371624	32.757812
1919.010162	32.640625
1928.652379	32.640625
1938.298223	32.734375
1947.947638	32.703125
1957.600572	32.601562
1967.256974	32.609375
1976.916791	32.617188
1986.579976	32.562500
1989.170681	32.507812
1998.824655	32.468750
2008.482014	32.429688
2018.142711	32.375000
2027.806697	32.304688
2037.473926	32.296875
2047.144353	32.281250
2056.817931	32.195312
2066.494616	32.148438
2076.174366	32.093750
2085.857138	32.031250
2095.542889	31.960938
2098.046711	31.921875
2107.723891	31.898438
2117.404071	31.867188
2127.087210	31.781250
2136.773268	31.687500
2146.462206	31.390625
2156.153983	31.195312
2165.848563	31.203125
2175.545909	31.187500
2185.245982	31.031250
2194.948747	31.054688
2204.654168	31.140625
2207.079518	31.070312
2216.776940	30.828125
2226.477038	30.539062
2236.179778	30.375000
2245.885126	30.281250
2255.593048	30.132812
2265.303512	30.000000
2275.016483	29.960938
2284.731932	29.945312
2294.449825	30.015625
2304.170133	30.015625
2313.892824	30.101562
2316.246964	30.187500
2325.962167	30.210938
2335.679773	30.195312
2345.399753	30.171875
2355.122078	30.140625
2364.846718	29.992188
2374.573646	29.703125
2384.302833	29.757812
2394.034252	29.898438
2403.767876	29.914062
2413.503677	29.937500
2423.241631	29.828125
2425.530870	29.796875
2435.261793	29.546875
2444.994888	29.320312
2454.730128	29.242188
2464.467488	29.109375
2474.206944	29.007812
2483.948470	29.140625
2493.692042	29.218750
2503.437637	29.187500
2513.185230	29.148438
2522.934799	29.039062
2532.686321	28.851562
2534.916172	28.695312
2544.661078	28.601562
2554.407955	28.640625
2564.156781	28.617188
2573.907535	28.500000
2583.660194	28.296875
2593.414737	28.070312
2603.171143	28.007812
2612.929391	28.015625
2622.689459	27.804688
2632.451329	27.453125
2642.214980	27.195312
2644.390289	27.226562
2654.147697	27.929688
2663.906905	29.296875
2673.667893	30.023438
2683.430640	30.328125
2693.195128	30.656250
2702.961339	30.648438
2712.729253	30.523438
2722.498852	30.500000
