0.000000	40.562500
10.000000	40.562500
14.142136	40.562500
22.360680	40.562500
28.284271	43.039062
36.055513	48.101562
44.721360	48.101562
53.851648	48.101562
58.309519	48.101562
67.082039	48.171875
76.157731	48.171875
80.622577	48.171875
89.442719	48.171875
98.488578	48.343750
102.956301	48.351562
111.803399	48.351562
120.830460	48.351562
130.000000	45.242188
134.164079	45.242188
143.178211	45.242188
152.315462	45.242188
156.524758	45.242188
165.529454	41.468750
174.642492	41.468750
178.885438	40.031250
187.882942	40.031250
196.977156	37.507812
206.155281	37.507812
210.237960	37.507812
219.317122	37.507812
228.473193	42.273438
232.594067	42.273438
241.660919	42.273438
250.798724	42.273438
254.950976	42.156250
264.007576	43.242188
273.130006	43.242188
277.308492	43.242188
286.356421	43.242188
295.465734	43.242188
304.630924	43.242188
308.706981	42.617188
317.804972	40.953125
326.955654	39.000000
331.058907	38.218750
340.147027	36.445312
349.284984	36.195312
353.411941	35.632812
362.491379	33.906250
371.618084	33.906250
380.788655	33.906250
384.837628	33.906250
393.954312	33.148438
403.112887	33.148438
407.185461	33.148438
416.293166	33.148438
425.440948	36.976562
429.534632	36.976562
438.634244	36.976562
447.772264	36.976562
456.946386	37.570312
460.977223	37.570312
470.106371	37.570312
479.270279	37.570312
483.321839	37.656250
492.442890	35.531250
501.597448	35.531250
505.667875	35.531250
514.781507	35.531250
523.927476	34.390625
533.104117	34.281250
537.121960	33.945312
546.260011	33.023438
555.427763	32.695312
559.464029	33.023438
568.594759	32.695312
577.754273	32.367188
581.807528	32.695312
590.931468	32.367188
600.083328	32.046875
609.261848	31.539062
613.269924	31.492188
622.414653	29.578125
631.585307	27.625000
635.609943	27.437500
644.748013	26.000000
653.911309	26.000000
657.951366	26.000000
667.083203	26.000000
676.239603	26.000000
685.419580	26.000000
689.420046	26.000000
698.569968	26.000000
707.742891	26.000000
711.758386	26.000000
720.902213	26.000000
730.068490	26.000000
734.098086	26.000000
743.236167	26.000000
752.396172	26.000000
761.577311	26.000000
765.571682	26.000000
774.725758	26.000000
783.900504	26.000000
787.908624	26.000000
797.057087	26.000000
806.225775	26.000000
810.246876	26.000000
819.390017	26.484375
828.552955	27.117188
837.735042	27.750000
841.724420	27.898438
850.881895	28.085938
860.058138	28.187500
864.060183	28.203125
873.212460	28.500000
882.383137	28.187500
886.397202	28.031250
895.544527	27.710938
904.709898	27.406250
913.892773	27.234375
917.877988	27.117188
927.038295	26.843750
936.215787	26.789062
940.212742	26.742188
949.368211	26.820312
958.540557	26.750000
962.548700	26.640625
971.699542	26.328125
980.866963	25.953125
990.050504	25.640625
994.032193	25.570312
1003.194896	25.320312
1012.373449	25.140625
1016.366076	25.125000
1025.524256	25.062500
1034.698024	25.109375
1038.701112	25.171875
1047.854952	25.179688
1057.024125	25.179688
1061.037228	25.226562
1070.186900	25.132812
1079.351657	24.765625
1088.531120	22.750000
1092.520023	22.875000
1101.680534	22.898438
1110.855526	22.929688
1114.854251	23.054688
1124.010676	23.078125
1133.181362	23.101562
1137.189518	23.218750
1146.342008	23.148438
1155.508546	22.625000
1164.688800	22.125000
1168.674463	22.085938
1177.837001	21.640625
1187.013058	21.375000
1191.007976	21.500000
1200.166655	21.296875
1209.338662	20.789062
1213.342491	20.695312
1222.497444	20.203125
1231.665539	19.773438
1240.846485	19.554688
1244.829306	19.515625
1253.993620	19.312500
1258.014308	19.250000
1267.162184	19.015625
1271.219887	19.031250
1280.351514	19.742188
1284.445406	19.828125
1293.560977	20.335938
1297.690256	20.390625
1306.789960	20.546875
1310.953851	20.593750
1315.180596	20.898438
1324.235629	20.804688
1328.495390	20.992188
1337.535046	21.398438
1341.827113	21.437500
1350.851583	38.648438
1355.175265	38.101562
1364.184738	38.101562
1368.539367	38.101562
1377.534029	38.101562
1381.918956	38.101562
1390.898990	37.367188
1395.313585	37.609375
1404.279175	37.609375
1408.722826	37.609375
1417.674152	37.609375
1422.146265	37.609375
1426.674455	37.570312
1435.583505	37.570312
1440.138882	37.570312
1449.034161	37.570312
1453.616180	37.570312
1462.497863	37.570312
1467.105995	37.156250
1475.974255	37.710938
1480.607983	37.710938
1489.462990	37.710938
1494.121816	37.710938
1502.963739	37.710938
1507.647174	36.851562
1516.476179	37.859375
1521.183750	37.859375
1530.000000	37.859375
1534.731247	37.859375
1543.534904	37.859375
1548.289379	37.796875
1553.093687	37.796875
1561.857868	37.882812
1566.684397	37.882812
1575.436447	37.882812
1580.284784	35.789062
1589.024858	35.789062
1593.894601	35.789062
1602.622850	34.671875
1607.513608	34.671875
1616.230182	34.671875
1621.141573	33.828125
1629.846619	33.828125
1634.778272	33.828125
1643.471935	32.382812
1648.423489	32.382812
1657.105911	32.382812
1662.077014	32.851562
1670.748335	32.851562
1675.738643	32.851562
1680.773631	32.851562
1689.408180	32.820312
1694.461566	34.210938
1703.085435	34.210938
1708.156901	34.210938
1716.770223	34.210938
1721.859460	34.210938
1730.462366	33.601562
1735.569071	33.031250
1744.161690	33.031250
1749.285568	33.031250
1757.868027	33.031250
1763.008792	33.031250
1771.581215	33.007812
1776.738585	31.828125
1785.301095	31.828125
1790.474797	31.828125
1799.027515	31.828125
1804.217282	31.828125
1809.447429	31.187500
1817.965896	30.281250
1823.211452	30.281250
1831.720503	30.281250
1836.981219	30.281250
1845.480967	30.281250
1850.756602	31.492188
1859.247159	31.710938
1864.537476	31.710938
1873.018953	31.710938
1878.323721	31.710938
1886.796226	31.710938
1892.115218	32.289062
1900.578859	31.398438
1905.911855	31.398438
1914.366736	31.398438
1919.713520	31.398438
1925.097400	30.898438
1933.520106	30.898438
1938.917224	30.898438
1947.331507	31.843750
1952.741662	31.843750
1961.147623	31.843750
1966.570619	31.843750
1974.968354	31.843750
1980.403999	31.843750
1988.793604	32.703125
1994.241711	32.703125
2002.623280	32.703125
2008.083664	32.476562
2016.457289	32.476562
2021.929771	32.476562
2030.295545	31.710938
2035.779949	31.710938
2044.137960	31.710938
2049.634114	31.210938
2055.164227	31.210938
2063.492186	31.210938
2069.033591	31.210938
2077.354086	30.882812
2082.906623	31.242188
2091.219740	31.242188
2096.783251	31.242188
2105.089072	31.242188
2110.663403	31.242188
2118.962010	30.750000
2124.547011	30.757812
2132.838484	30.757812
2138.434006	30.757812
2146.718426	30.757812
2152.324325	30.757812
2160.601768	30.398438
2166.217902	31.101562
2174.488446	31.101562
2180.114676	31.101562
2185.772175	31.101562
2194.014585	31.101562
2199.681795	31.320312
2207.917571	31.429688
2213.594362	31.429688
2221.823575	31.429688
2227.509820	31.429688
2235.732542	31.429688
2241.428116	32.523438
2249.644416	33.093750
2255.349197	33.093750
2263.559144	33.093750
2269.273011	33.093750
2277.476674	33.093750
2283.199509	35.398438
2291.396954	37.546875
2297.128642	37.546875
2305.319934	37.546875
2311.060363	37.546875
2316.829730	39.757812
2324.994624	39.757812
2330.772404	39.757812
2338.931380	40.898438
2344.717467	40.898438
2352.870587	40.898438
2358.664877	42.453125
2366.812202	42.453125
2372.614592	42.453125
2380.756182	42.390625
2386.566571	42.390625
2394.702487	42.390625
2400.520777	41.351562
2408.651075	41.351562
2414.477169	41.351562
2422.601907	40.593750
2428.435710	40.593750
2436.554945	40.593750
2442.396364	39.531250
2448.264692	39.531250
2456.359094	39.531250
2462.234757	39.531250
2470.323865	39.382812
2476.206777	39.359375
2484.290643	39.359375
2490.180716	39.359375
2498.259394	39.359375
2504.156545	39.359375
2512.230085	39.382812
2518.134230	39.046875
2526.202684	39.046875
2532.113742	39.046875
2540.177159	39.046875
2546.095049	39.046875
2554.153480	38.031250
2560.078124	34.046875
2566.028059	34.046875
2574.062936	34.046875
2580.019380	34.046875
2588.049459	33.609375
2594.012336	35.812500
2602.037663	35.812500
2608.006902	35.812500
2616.027523	35.812500
2622.003051	35.812500
2630.019011	36.937500
2636.000759	38.257812
2644.012103	38.257812
2650.000000	38.257812
2658.006772	38.257812
2664.000751	38.257812
2672.002994	38.570312
2678.002987	40.257812
2686.000745	40.257812
2692.006686	40.257812
2698.036323	40.257812
2706.011826	40.257812
2712.047197	41.953125
2720.018382	39.859375
2726.059427	39.859375
2734.026335	39.859375
2740.072992	39.859375
2748.035662	39.859375
2754.087871	40.023438
2762.046343	38.820312
2768.104044	38.820312
2776.058357	38.820312
2782.121493	38.820312
2790.071684	38.820312
2796.140197	39.867188
2804.086304	39.453125
2810.160138	39.453125
2818.102198	39.453125
2824.181297	39.453125
2830.282671	40.640625
2838.203657	40.640625
2844.310110	40.640625
2852.227200	40.640625
2858.338678	40.640625
2866.251908	40.640625
2872.368361	40.117188
2880.277764	40.117188
2886.399141	40.117188
2894.304752	35.992188
2900.431002	35.992188
2908.332856	35.992188
2914.463930	34.726562
2922.362058	34.726562
2928.497908	34.726562
2936.392344	33.539062
2942.532923	33.539062
2950.423698	33.539062
2956.568957	34.343750
2962.735223	34.343750
2970.605999	34.343750
2976.776780	34.343750
2984.644032	33.976562
2990.819286	36.546875
2998.683044	36.546875
3004.862726	36.546875
3012.723021	36.546875
3018.907087	36.546875
3026.763949	40.367188
3032.952357	42.570312
3040.805814	42.570312
3046.998523	42.570312
3054.848605	42.570312
3061.045573	42.570312
3068.892308	43.148438
3075.093495	43.257812
3081.314654	43.257812
3089.142276	43.257812
3095.367506	43.257812
3103.191905	43.257812
3109.421168	43.640625
3117.242371	43.828125
3123.475628	43.828125
3131.293662	43.828125
3137.530876	43.828125
3145.345768	43.828125
3151.586902	43.617188
3159.398677	43.546875
3165.643694	43.546875
3173.452379	43.546875
3179.701244	43.546875
3187.506863	43.546875
3193.759540	43.593750
3201.562119	41.156250
3207.818573	41.156250
3214.093963	41.156250
3221.878334	41.156250
3228.157369	41.476562
3235.938813	41.476562
3242.221461	41.476562
3250.000000	41.226562
3256.286228	41.226562
3264.061887	41.226562
3270.351663	39.148438
3276.659885	39.148438
3284.417757	39.148438
3290.729402	39.148438
3297.059296	38.203125
3303.407332	38.203125
3309.773406	38.203125
3317.483986	40.078125
3323.853186	39.039062
3330.240232	39.039062
3336.645022	39.039062
3344.323549	39.039062
3350.731263	38.812500
3357.156535	38.812500
3363.599263	39.062500
3371.246060	39.062500
3377.691519	39.062500
3384.154252	39.062500
3390.634159	38.218750
3398.249549	35.546875
3404.732001	35.546875
3411.231449	35.546875
3417.747796	31.890625
3424.280946	31.890625
3431.850813	31.890625
3438.386249	31.890625
3444.938316	23.265625
3451.506917	23.281250
3459.046111	23.273438
3465.616828	23.289062
3472.203911	23.296875
3478.807267	22.140625
3486.316107	21.406250
3492.921413	21.304688
3499.542827	21.281250
3506.180258	21.281250
3513.659061	21.296875
3520.298283	21.125000
3526.953359	20.835938
3533.624202	20.492188
3540.310721	20.140625
3547.745763	20.093750
3554.433851	19.890625
3561.137459	19.851562
3567.856499	19.804688
3575.262228	19.750000
3581.982691	19.476562
3588.718434	19.414062
3595.469371	19.281250
3602.846097	19.093750
3609.598316	18.867188
3616.365579	18.828125
3623.147803	19.070312
3629.944903	19.335938
3637.279203	19.335938
3644.077387	18.671875
3650.890302	18.187500
3657.717868	18.164062
3665.023874	18.265625
3671.852394	18.257812
3678.695421	18.343750
3685.552876	18.484375
3692.830892	18.625000
3699.689176	18.804688
3706.561749	18.898438
3713.448532	19.000000
3720.698859	19.000000
3727.586350	19.078125
3734.487917	19.296875
3741.403480	19.593750
3748.332963	19.664062
3755.542571	19.710938
3762.472591	19.656250
3769.416400	19.562500
3776.373922	19.718750
3783.556528	19.687500
3790.514477	19.531250
3797.486011	19.304688
3804.471054	19.187500
3811.626949	19.210938
3818.612313	19.085938
3825.611062	18.976562
3832.623123	18.882812
3839.752596	18.968750
3846.764875	18.773438
3853.790342	18.640625
3860.828927	18.671875
3867.880557	18.687500
3874.970968	18.773438
3882.022669	19.148438
3889.087297	19.304688
3896.164781	19.187500
3903.229432	19.031250
3910.306893	18.710938
3917.397095	18.234375
3924.499968	17.812500
3931.539139	17.617188
3938.641898	17.875000
3945.757215	18.406250
3952.885022	18.781250
3959.898989	18.812500
3967.026594	18.335938
3974.166579	17.679688
3981.318877	18.078125
3988.483421	18.445312
3995.459923	18.429688
4002.624139	18.000000
4009.800494	17.515625
4016.988922	16.976562
4023.940854	16.835938
4031.128874	17.226562
4038.328862	17.125000
4045.540755	16.492188
4052.468384	16.179688
4059.679790	15.187500
4066.902999	14.500000
4074.137946	14.398438
4081.041534	14.406250
4088.275920	14.460938
4095.521945	14.812500
4102.779546	15.820312
4110.048662	17.078125
4116.916322	17.148438
4124.184768	16.117188
4131.464631	16.125000
4138.755852	16.171875
4145.600077	16.156250
4152.890560	15.914062
4160.192303	15.773438
4167.505249	15.687500
4174.326293	15.890625
4181.638435	15.585938
4188.961685	15.507812
4196.295986	15.835938
4203.641279	16.726562
4210.427532	16.437500
4217.771924	16.070312
4225.127217	15.898438
4232.493355	16.281250
4239.257010	16.281250
4246.622187	17.109375
4253.998119	17.406250
4261.384751	16.812500
4268.126052	16.726562
4275.511665	16.195312
4282.907891	15.656250
4290.314674	15.593750
4297.033861	15.625000
4304.439569	15.898438
4311.855749	15.859375
4319.282348	15.976562
4326.719311	16.750000
4333.405128	17.023438
4340.840932	17.765625
4348.287019	18.289062
4355.743335	18.812500
4362.407592	18.929688
4369.862698	19.242188
4377.327952	19.195312
4384.803302	19.523438
4391.446231	19.617188
4398.920322	20.789062
4406.404430	21.531250
4413.898504	28.101562
4420.520331	28.312500
4428.013098	28.500000
4435.515754	33.773438
4443.028247	33.773438
4450.550528	33.773438
4457.140339	33.773438
4464.661241	35.656250
4472.191856	35.656250
4479.732135	35.656250
4486.301372	35.656250
4493.840229	34.867188
4501.388675	34.867188
4508.946662	34.867188
4515.495543	36.476562
4523.052067	33.578125
4530.618059	33.578125
4538.193473	33.578125
4544.722214	33.578125
4552.296124	32.718750
4559.879384	32.718750
4567.471948	32.718750
4575.073770	34.171875
4581.571783	34.171875
4589.172039	34.171875
4596.781483	34.171875
4604.400069	35.351562
4610.878441	34.843750
4618.495426	34.843750
4626.121486	34.843750
4633.756575	34.812500
4640.215512	34.812500
4647.848965	34.812500
4655.491381	34.812500
4663.142717	33.046875
4670.802929	33.046875
4677.232087	33.046875
4684.890607	33.046875
4692.557938	32.578125
4700.234037	32.578125
4706.644240	30.968750
4714.318615	30.968750
4722.001694	31.882812
4729.693436	31.882812
4736.084881	31.882812
4743.774868	31.882812
4751.473456	32.648438
4759.180602	32.648438
4765.553483	32.648438
4773.258845	32.648438
4780.972704	32.921875
4788.695021	32.921875
4796.425753	32.921875
4802.770034	32.742188
4810.498935	30.570312
4818.236192	30.570312
4825.981765	30.570312
4832.307937	30.570312
4840.051653	28.789062
4847.803626	28.789062
4855.563819	28.789062
4861.872067	28.789062
4869.630376	30.000000
4877.396847	30.000000
4885.171440	30.000000
4891.461949	29.023438
4899.234634	29.742188
4907.015386	29.742188
4914.804167	30.773438
4922.600939	30.773438
4928.863966	30.773438
4936.658789	30.773438
4944.461548	32.179688
4952.272206	32.179688
4958.517924	32.179688
4966.326610	32.179688
4974.143142	34.046875
