0.000000	26.054688
10.000000	25.750000
14.142136	25.953125
22.360680	25.625000
28.284271	25.953125
36.055513	25.625000
42.426407	25.953125
50.000000	25.679688
56.568542	26.398438
64.031242	26.070312
72.111026	25.882812
78.102497	27.187500
86.023253	27.437500
92.195445	28.617188
100.000000	28.617188
106.301458	29.593750
114.017543	29.593750
120.415946	30.578125
128.062485	30.687500
136.014705	30.773438
142.126704	31.226562
150.000000	30.937500
156.204994	31.187500
164.012195	30.625000
170.293864	30.593750
178.044938	29.937500
184.390889	29.429688
192.093727	28.632812
200.000000	26.968750
206.155281	26.968750
214.009346	26.968750
220.227155	26.968750
228.035085	26.968750
234.307490	25.179688
242.074369	25.257812
248.394847	25.257812
256.124969	25.257812
262.488095	25.257812
270.185122	25.257812
276.586334	25.648438
284.253408	27.328125
290.688837	24.671875
298.328678	17.156250
304.795013	16.398438
312.409987	15.375000
318.904374	14.328125
326.496554	13.070312
333.016516	12.539062
340.587727	11.664062
347.131099	11.132812
354.682957	9.882812
361.247837	8.328125
368.781778	6.359375
375.366488	5.390625
382.883794	3.851562
389.486842	2.468750
396.988665	1.296875
403.608721	0.820312
411.096096	0.421875
417.731971	0.164062
424.499706	-0.312500
431.856458	-0.945312
438.634244	-1.156250
445.533388	-1.250000
452.769257	-1.343750
459.673797	-1.218750
466.690476	-1.460938
473.814310	-1.468750
480.832611	-1.546875
487.954916	-1.179688
494.974747	-1.125000
502.095608	-0.648438
509.116882	-0.226562
516.236380	0.484375
523.259018	1.046875
530.377224	1.570312
537.401154	1.984375
544.518136	2.312500
551.543289	2.515625
558.659109	2.703125
565.685425	2.757812
572.800140	2.804688
579.827561	2.820312
586.941224	2.906250
593.969696	2.906250
601.082357	2.945312
608.111832	3.015625
615.223537	3.140625
622.414653	3.218750
629.364759	3.257812
636.553219	3.289062
643.506022	3.351562
650.691939	3.281250
657.647322	3.289062
664.830806	3.257812
671.788657	3.398438
678.969808	3.476562
685.930026	3.851562
693.108938	3.992188
700.357052	4.101562
707.248188	4.460938
714.492827	4.640625
721.387552	4.867188
728.628849	4.953125
735.527022	5.140625
742.765104	5.281250
749.666593	5.398438
756.901579	5.609375
763.806258	5.765625
771.038261	5.992188
777.946014	6.093750
785.175140	6.296875
792.464510	6.468750
799.312204	6.562500
806.597793	6.757812
813.449445	6.898438
820.731381	7.101562
827.586853	7.156250
834.865259	7.265625
841.724420	7.289062
848.999411	7.359375
855.862138	7.398438
863.133825	7.570312
870.459649	7.867188
877.268488	8.156250
884.590301	8.531250
891.403388	8.859375
898.721314	9.226562
905.538514	9.554688
912.852672	9.929688
919.673855	10.234375
926.984358	10.484375
933.809402	10.671875
941.116358	10.781250
947.945146	10.796875
955.248659	10.828125
962.081078	10.984375
969.381246	11.179688
976.729236	11.429688
983.514108	11.718750
990.858214	11.859375
997.647232	11.968750
1004.987562	11.992188
1011.780609	11.984375
1019.117265	11.843750
1025.914226	11.742188
1033.247308	11.820312
1040.048076	11.937500
1047.377678	11.968750
1054.182147	12.015625
1061.508361	11.976562
1068.877916	12.000000
1075.639345	12.187500
1083.005078	12.460938
1089.770618	12.671875
1097.132626	12.867188
1103.902170	12.882812
1111.260546	13.046875
1118.033989	13.187500
1125.388822	13.351562
1132.166066	13.468750
1139.517442	13.656250
1146.298390	13.781250
1153.646393	13.875000
1161.034022	14.015625
1167.775663	14.093750
1175.159564	14.187500
1181.905242	14.187500
1189.285500	14.109375
1196.035117	13.812500
1203.411816	13.632812
1210.165278	13.656250
1217.538500	13.796875
1224.295716	14.179688
1231.665539	14.476562
1238.426421	14.781250
1245.792920	14.890625
1253.195914	14.976562
1259.920632	15.242188
1267.320007	15.351562
1274.048665	15.460938
1281.444497	15.320312
1288.177006	15.296875
1295.569373	15.187500
1302.305648	15.296875
1309.694621	15.453125
1316.434579	15.632812
1323.820229	15.867188
1330.563790	15.960938
1337.946187	16.000000
1344.693274	16.046875
1352.072483	16.281250
1359.485197	16.476562
1366.199107	16.570312
1373.608387	16.710938
1380.326048	16.890625
1387.731963	17.164062
1394.453298	17.500000
1401.855913	17.726562
1408.580846	17.937500
1415.980226	18.031250
1422.708684	18.070312
1430.104891	18.031250
1437.532608	18.062500
1444.229899	18.156250
1451.654229	18.304688
1458.355238	18.523438
1465.776245	18.656250
1472.480900	18.679688
1479.898645	18.750000
1487.346631	18.757812
1494.021419	18.656250
1501.465950	18.601562
1508.144555	18.539062
1515.585695	18.445312
1522.268045	18.351562
1529.705854	22.500000
1536.391877	22.500000
1543.826415	22.500000
1550.516043	22.500000
1557.947368	22.500000
1564.640534	24.460938
1572.068701	24.460938
1578.765340	24.460938
1586.190405	24.750000
1592.890454	24.750000
1600.312469	24.750000
1607.015868	25.453125
1614.434886	25.453125
1621.141573	25.453125
1628.557644	25.718750
1635.267562	25.718750
1642.680736	25.718750
1650.121208	25.718750
1656.804153	24.578125
1664.241569	24.562500
1670.927886	24.562500
1678.362297	24.562500
1685.051928	24.562500
1692.483382	24.562500
1699.176271	25.000000
1706.604817	24.859375
1713.300908	24.859375
1720.726591	24.859375
1727.425831	24.859375
1734.848697	24.859375
1741.551033	26.000000
1748.971126	25.976562
1755.676508	25.976562
1763.093872	25.976562
1769.802249	25.976562
1777.216925	25.976562
1783.928250	26.078125
1791.340280	26.546875
1798.054504	26.546875
1805.463929	26.546875
1812.898232	26.546875
1819.587865	26.546875
1827.019431	27.015625
1833.712082	26.320312
1841.140951	26.640625
1847.836573	27.500000
1855.262785	27.500000
1861.961331	27.500000
1869.384926	27.500000
1876.086352	27.500000
1883.507367	27.500000
1890.211628	27.500000
1897.630101	27.500000
1904.337155	27.500000
1911.753122	27.500000
1918.462926	29.257812
1925.876424	29.257812
1932.588937	29.257812
1940.000000	32.320312
1946.715182	32.320312
1954.123845	32.320312
1960.841656	33.367188
1968.247952	33.367188
1975.677099	32.867188
1982.372316	32.867188
