0.000000	57.062500
10.000000	57.062500
10.000000	57.062500
20.000000	55.617188
22.360680	55.617188
31.622777	55.617188
41.231056	55.617188
44.721360	54.109375
53.851648	55.148438
58.309519	55.148438
67.082039	55.148438
76.157731	55.148438
80.622577	55.148438
89.442719	52.093750
94.339811	51.781250
102.956301	51.781250
111.803399	51.781250
116.619038	51.781250
125.299641	50.687500
130.384048	50.687500
138.924440	50.687500
147.648231	50.687500
152.643375	51.070312
161.245155	51.101562
166.433170	51.101562
174.928557	51.101562
183.575598	51.101562
188.679623	51.101562
197.230829	55.203125
205.912603	55.203125
210.950231	55.359375
219.544984	55.359375
224.722051	55.359375
233.238076	56.531250
241.867732	56.531250
246.981781	56.531250
255.538647	56.531250
260.768096	56.000000
269.258240	55.101562
277.848880	55.101562
283.019434	55.101562
291.547595	55.101562
296.816442	55.101562
305.286750	54.281250
313.847097	54.281250
319.061123	53.500000
327.566787	53.500000
332.866340	53.500000
341.320963	53.750000
349.857114	53.750000
355.105618	53.257812
363.593179	53.257812
372.155881	52.187500
377.359245	52.187500
385.875628	52.187500
391.152144	52.187500
399.624824	52.187500
408.166633	51.656250
413.400532	51.468750
421.900462	51.468750
427.200187	51.468750
435.660418	51.468750
444.184646	50.976562
449.444101	50.976562
457.930126	50.976562
463.249393	51.148438
471.699057	51.148438
480.208288	51.156250
485.489444	51.156250
493.963561	51.156250
499.299509	51.156250
507.740091	51.156250
516.236380	51.148438
521.536192	51.640625
530.000000	50.695312
538.516481	47.578125
543.783045	45.546875
552.268051	44.453125
557.584074	44.468750
566.038868	44.437500
574.543297	44.406250
583.095189	44.312500
591.692488	44.117188
600.333241	44.351562
605.392435	44.429688
614.003257	44.265625
622.655603	44.140625
631.347765	44.093750
640.078120	44.023438
648.845128	44.312500
653.681880	44.250000
662.419806	44.476562
671.192968	44.414062
680.000000	44.765625
688.839604	45.031250
697.710542	45.062500
706.611633	45.062500
711.196175	45.250000
720.069441	45.125000
728.971879	45.101562
737.902433	45.179688
746.860094	45.304688
755.843899	45.609375
760.263112	45.726562
769.220385	45.734375
778.203058	45.726562
787.210264	45.671875
796.241169	45.531250
805.294977	45.562500
809.567786	45.703125
818.596360	45.453125
827.647268	45.445312
836.719786	45.625000
845.813218	45.507812
854.926897	45.328125
859.069264	45.351562
868.158972	45.000000
877.268488	44.656250
886.397202	44.515625
895.544527	44.390625
904.709898	44.179688
913.892773	44.046875
917.877988	44.046875
927.038295	43.687500
936.215787	43.664062
945.409964	43.609375
954.620343	43.445312
963.846461	43.375000
967.729301	43.453125
976.933979	43.265625
986.154146	43.265625
995.389371	43.234375
1004.639239	42.718750
1013.903348	41.953125
1017.693471	41.976562
1026.937194	41.750000
1036.194962	41.210938
1045.466403	41.164062
1054.751155	40.976562
1064.048871	40.265625
1067.754653	40.273438
1077.032961	40.023438
1086.324077	39.984375
1095.627674	40.367188
1104.943437	40.789062
1114.271062	40.851562
1117.899817	40.890625
1127.208942	40.500000
1136.529806	40.273438
1145.862121	40.320312
1155.205609	40.023438
1164.560003	39.820312
1173.925040	39.601562
1177.454882	39.687500
1186.802427	39.734375
1196.160524	40.054688
1205.528930	39.984375
1214.907404	39.664062
1224.295716	39.468750
1227.762192	39.593750
1237.133784	39.687500
1246.515142	39.492188
1255.906047	39.117188
1265.306287	38.523438
1274.715655	38.773438
1278.123625	38.867188
1287.516990	38.812500
1296.919427	38.234375
1306.330739	37.945312
1315.750736	37.843750
1325.179233	37.390625
1328.533026	37.156250
1337.946187	36.140625
1347.367804	35.625000
1356.797700	35.429688
1366.235704	35.437500
1369.561974	35.406250
1378.985134	35.718750
1388.416364	36.765625
1397.855500	37.929688
1407.302384	39.093750
1410.602708	39.062500
1420.035211	40.578125
1429.475428	41.171875
1438.923209	41.171875
1442.220510	41.195312
1451.654229	41.203125
1461.095479	41.203125
1470.544117	41.210938
1480.000000	41.218750
1483.273407	41.234375
1492.715646	41.953125
1502.165104	41.968750
1511.621646	41.984375
1514.892735	41.953125
1524.335921	41.968750
1533.786165	41.992188
1543.243338	42.023438
1552.707313	52.359375
1555.956298	52.359375
1565.407295	52.476562
1574.865074	52.476562
1584.329511	52.476562
1587.576770	51.703125
1597.028491	52.929688
1606.486850	52.929688
1615.951732	52.929688
1625.423022	54.492188
1628.649747	54.492188
1638.108666	54.492188
1647.573974	54.492188
1657.045564	52.992188
1660.271062	52.992188
1669.730517	52.992188
1679.196236	52.992188
1688.668114	52.296875
1698.146048	52.296875
1701.352403	55.093750
1710.818518	55.093750
1720.290673	55.039062
1729.768771	55.039062
1732.974322	55.039062
1742.440817	55.039062
1751.913240	58.921875
1761.391495	58.921875
1770.875490	58.921875
1774.063133	58.921875
1783.535814	55.773438
1793.014222	55.773438
1802.498266	55.773438
1805.685465	55.906250
1815.158395	57.312500
1824.636950	57.312500
1834.121043	57.312500
1843.610588	57.851562
1846.780983	57.851562
1856.259680	57.851562
1865.743819	57.851562
1875.233319	60.656250
1878.403578	60.656250
1887.882412	60.656250
1897.366596	60.656250
1906.856051	59.890625
1916.350699	59.890625
1919.505145	59.851562
1928.989373	60.359375
1938.478785	60.359375
1947.973306	60.359375
1951.127879	60.359375
1960.612149	59.750000
1970.101520	59.750000
1979.595918	59.750000
1989.095272	58.218750
1992.234926	58.218750
2001.724257	58.218750
2011.218536	58.218750
2020.717694	56.273438
2030.221663	56.273438
2033.346994	59.546875
2042.841159	59.546875
2052.340128	59.578125
2061.843835	59.578125
2064.969733	59.578125
2074.463786	59.578125
2083.962572	60.140625
2093.466026	60.140625
2102.974084	60.140625
2106.086418	60.140625
2115.585025	59.992188
2125.088233	59.992188
2134.595981	59.992188
2137.709054	59.382812
2147.207489	58.906250
2156.710458	58.906250
2166.217902	58.906250
2175.729763	55.093750
2178.829961	55.093750
2188.332699	55.093750
2197.839849	55.093750
2207.351354	54.187500
2210.452442	54.187500
2219.954954	54.187500
2229.461818	54.187500
2238.972979	53.210938
2248.488381	53.210938
2251.577225	54.031250
2261.083811	54.031250
2270.594636	53.929688
2280.109646	53.929688
2283.199509	53.929688
2292.705825	53.929688
2302.216323	57.171875
2311.730953	57.171875
2321.249663	57.171875
2324.327860	57.171875
2333.838041	58.398438
2343.352300	59.710938
2352.870587	59.710938
2355.949915	59.492188
2365.459786	60.757812
2374.973684	60.757812
2384.491560	60.757812
2394.013367	59.750000
2397.081559	59.750000
2406.595105	59.750000
2416.112580	59.750000
2425.633938	55.367188
2428.703358	55.367188
2438.216561	55.367188
2447.733646	55.367188
2457.254566	54.671875
2466.779277	54.671875
2469.838051	55.187500
2479.354755	55.187500
2488.875248	57.898438
2498.399488	57.898438
2501.459574	57.898438
2510.975906	57.898438
2520.495983	58.867188
2530.019763	58.867188
2539.547204	58.867188
2542.597097	58.867188
2552.116768	58.773438
2561.640100	58.773438
2571.167050	58.773438
2574.218328	58.601562
2583.737603	58.250000
2593.260496	58.250000
2602.786968	58.250000
2612.316979	57.820312
2615.358484	57.820312
2624.880950	57.820312
2634.406954	57.820312
2643.936459	56.328125
2646.979411	56.328125
2656.501459	56.328125
2666.027007	56.328125
2675.556017	55.718750
2685.088453	55.718750
2688.122021	55.187500
2697.647123	55.187500
2707.175650	56.132812
2716.707566	56.132812
2719.742635	56.132812
2729.267301	56.132812
2738.795356	57.218750
2748.326764	57.218750
2757.861490	57.218750
2760.887538	57.218750
2770.415131	56.351562
2779.946043	56.351562
2789.480238	56.351562
2799.017685	55.656250
2802.034975	55.500000
2811.565400	55.500000
2821.099077	55.500000
2830.635971	56.218750
2833.654884	56.218750
2843.184834	56.218750
2852.718002	56.218750
2862.254356	57.609375
2871.793864	57.609375
2874.804341	57.609375
2884.337012	58.320312
2893.872838	58.320312
2903.411786	58.320312
2906.423920	58.382812
2915.956104	58.687500
2925.491412	58.687500
2935.029812	58.687500
2944.571276	58.171875
2947.575275	58.171875
2957.110076	58.171875
2966.647940	58.171875
2976.188838	56.500000
2979.194522	56.500000
2988.728827	56.500000
2998.266166	56.500000
3007.806510	56.000000
3017.349831	56.000000
3020.347662	56.187500
3029.884486	56.187500
3039.424288	57.218750
3048.967038	57.218750
3051.966579	57.218750
3061.502899	57.218750
3071.042168	59.593750
3080.584360	59.593750
3090.129447	59.593750
3093.121401	59.593750
3102.660149	59.679688
3112.201793	59.679688
3121.746306	59.679688
3124.739989	61.109375
3134.278226	60.039062
3143.819333	60.039062
3153.363284	60.039062
3162.910052	61.640625
3165.896398	61.640625
3175.436978	61.640625
3184.980377	61.640625
3194.526569	61.226562
3197.514660	61.226562
3207.054724	61.226562
3216.597581	61.226562
3226.143208	61.437500
3235.691580	61.437500
3238.672568	61.812500
3248.214894	61.812500
3257.759967	59.203125
3267.307760	59.203125
3270.290507	59.203125
3279.832313	59.203125
3289.376841	58.921875
3298.924067	58.921875
3308.473968	58.921875
3311.449834	58.921875
3320.993827	59.617188
3330.540497	59.617188
3340.089819	59.617188
3343.067454	57.757812
3352.610923	59.593750
3362.157046	59.593750
3371.705800	59.593750
3381.257163	62.468750
3384.228125	62.468750
3393.773711	62.468750
3403.321907	62.468750
3412.872690	66.031250
3415.845430	64.328125
3425.390489	64.328125
3434.938136	64.328125
3444.488351	64.148438
3454.041112	64.148438
3457.007376	64.148438
3466.554485	63.468750
3476.104141	58.171875
3485.656323	58.171875
3488.624371	58.171875
3498.170951	58.171875
3507.720057	52.593750
3517.271670	52.593750
3526.825768	52.593750
3529.787529	53.140625
3539.336096	52.703125
3548.887150	52.703125
3558.440670	52.703125
3567.996637	52.867188
3570.952254	52.867188
3580.502758	52.867188
3590.055710	52.867188
3599.611090	53.460938
3602.568528	53.460938
3612.118492	53.460938
3621.670885	53.460938
3631.225688	54.187500
3640.782883	54.187500
3643.734348	53.437500
3653.286192	53.437500
3662.840428	59.367188
3672.397037	59.367188
3675.350323	59.367188
3684.901627	59.367188
3694.455305	61.656250
3704.011339	61.656250
3713.569711	61.656250
3716.517187	61.656250
3726.070316	61.468750
3735.625784	61.468750
3745.183574	61.468750
3748.132869	64.031250
3757.685458	64.000000
3767.240369	64.000000
3776.797585	64.000000
3786.357088	62.312500
3789.300727	62.312500
3798.855091	62.312500
3808.411742	59.242188
3817.970665	59.242188
3820.916121	59.242188
3830.469945	59.242188
3840.026042	59.531250
3849.584393	59.531250
3859.144983	59.531250
3862.084929	59.476562
3871.640479	58.851562
3881.198269	58.851562
3890.758281	58.851562
3893.700040	58.851562
3903.255052	56.210938
3912.812288	56.210938
3922.371731	56.093750
3925.315274	56.195312
3934.869756	53.039062
3944.426448	53.039062
3947.378877	51.609375
3956.930629	51.609375
3966.484590	51.710938
3969.445805	51.796875
3978.994848	51.796875
3988.546101	50.703125
3991.516003	50.835938
4001.062359	50.835938
4004.047952	50.906250
4013.589416	49.703125
4023.133107	47.851562
4026.127171	47.851562
4035.665992	47.851562
4045.207040	47.859375
4048.209481	47.859375
4057.745680	47.867188
4067.284106	47.867188
4070.294830	47.875000
4079.828428	47.875000
4089.364254	47.882812
4092.383169	47.882812
4101.914187	47.882812
4111.447434	47.890625
4114.474450	47.890625
4124.002910	47.882812
4133.533597	47.656250
4136.568626	47.687500
4146.094548	47.554688
4155.622697	47.406250
4158.665651	47.460938
4168.189055	47.312500
4171.246816	47.328125
4180.765480	47.140625
4190.286386	47.156250
4193.351881	47.140625
4202.868068	46.773438
4212.386497	45.656250
4215.459643	45.640625
4224.973373	45.656250
4234.489343	45.664062
4237.570058	45.656250
4247.081351	45.656250
4256.594883	45.632812
4259.683087	45.617188
4269.191961	45.671875
4278.703075	45.750000
4281.798687	45.750000
4291.305163	45.781250
4300.813876	45.804688
4303.916821	45.796875
4313.420916	45.718750
4322.927249	45.578125
4326.037448	45.476562
4335.539182	45.203125
4338.663389	45.054688
4348.160531	44.664062
4357.659922	44.328125
4360.791213	44.156250
4370.286032	43.593750
4379.783100	43.000000
4382.921400	42.789062
4392.413915	42.421875
4401.908677	41.765625
4405.053916	41.148438
4414.544144	40.257812
4424.036618	39.359375
4427.188724	39.328125
4436.676684	39.242188
4446.166888	39.046875
4449.325792	39.203125
4458.811501	39.171875
4468.299453	39.007812
4471.465084	39.031250
4480.948560	39.062500
4490.434277	39.023438
4499.922222	38.953125
4509.412379	38.906250
4518.904735	39.031250
4528.399276	39.031250
4537.895988	39.007812
4547.394859	38.984375
4550.527442	38.921875
4560.021930	38.890625
4569.518574	39.062500
4579.017362	39.015625
4588.518279	39.093750
4598.021314	39.367188
4607.526451	39.539062
4617.033680	39.539062
4626.542986	39.734375
4636.054357	39.812500
4645.567780	39.820312
4655.083243	39.828125
4664.600733	39.828125
4674.120238	39.875000
4677.189327	39.921875
4686.704599	40.195312
4696.221886	40.437500
4705.741174	40.671875
4715.262453	40.914062
4724.785709	41.101562
4734.310932	41.203125
4743.838109	41.203125
4753.367228	41.296875
4762.898277	41.710938
4772.431246	42.007812
4781.966123	42.257812
4791.502896	42.390625
4794.517703	42.476562
4804.050374	42.664062
4813.584943	43.125000
4823.121396	43.296875
4832.659723	43.656250
4842.199913	43.921875
4851.741955	44.250000
4861.285838	44.609375
4870.831551	44.859375
4880.379084	44.921875
4889.928425	44.921875
4899.479564	44.914062
4909.032491	44.890625
4911.995521	44.742188
4921.544473	44.718750
4931.095213	44.718750
4940.647731	44.750000
4950.202016	44.781250
4959.758059	43.085938
4969.315848	42.843750
4978.875375	42.968750
4988.436629	43.085938
4997.999600	43.210938
5007.564278	43.328125
5017.130654	43.453125
5026.698718	43.570312
5036.268460	43.687500
5039.176520	43.640625
5048.742418	50.992188
5058.309994	61.835938
5067.879241	62.500000
5077.450147	61.000000
5087.022705	61.000000
5096.596904	61.000000
5103.302852	59.562500
5106.172735	59.539062
5112.885682	59.562500
5122.470107	59.390625
5132.056118	58.570312
5141.643706	57.968750
5151.232862	57.968750
5160.823578	56.421875
5170.415844	56.421875
5177.200015	54.679688
5180.009653	54.796875
5186.800555	54.679688
5196.402602	53.078125
5206.006147	53.078125
5215.611182	51.578125
5225.217699	51.578125
5234.825690	50.320312
5244.435146	50.320312
5251.295078	49.421875
5254.046060	49.351562
5260.912468	49.421875
5270.531283	48.835938
5280.151513	48.835938
5289.773152	48.406250
5299.396192	48.406250
5309.020625	48.039062
5318.646444	48.039062
5325.579781	47.812500
5328.273642	47.695312
5335.213210	47.812500
5344.847987	47.468750
5354.484102	50.000000
5364.121550	50.000000
5373.760322	48.117188
5383.400412	47.664062
5393.041813	47.781250
5400.046296	48.023438
5402.684518	47.906250
5409.695001	48.140625
5419.344979	48.265625
5428.996224	48.367188
5438.648729	48.140625
5448.302488	45.617188
5457.957493	45.593750
5467.613739	45.570312
5474.687206	45.515625
5477.271218	45.546875
5484.350463	45.492188
5494.014925	45.468750
5503.680587	45.445312
5513.347441	45.421875
5523.015481	45.320312
5532.684701	44.960938
5542.355095	44.203125
5549.495473	43.750000
5552.026657	43.656250
5559.172600	43.351562
5568.850869	42.742188
5578.530272	42.070312
5588.210805	41.453125
5597.892461	40.648438
5607.575234	39.750000
5617.259118	39.054688
5624.464419	38.406250
5626.944108	38.515625
5634.154772	37.765625
5643.846206	37.148438
5653.538715	36.421875
5663.232293	36.109375
5672.926934	35.820312
5682.622634	35.531250
5692.319387	35.250000
5699.587704	34.843750
5702.017187	34.960938
5709.290674	34.546875
5718.994667	34.390625
5728.699678	34.273438
5738.405702	34.218750
5748.112734	34.164062
5757.820768	34.093750
5767.529801	33.929688
5774.859306	34.656250
5777.239825	33.718750
5784.574315	34.101562
5794.290293	33.492188
5804.007236	32.906250
5813.725140	32.320312
5823.443998	31.828125
5833.163807	32.164062
5842.884562	32.781250
5850.273498	33.828125
5852.606257	33.367188
5860.000000	34.234375
5869.727421	34.656250
5879.455757	35.070312
5889.185003	35.484375
5898.915155	35.906250
5908.646207	36.312500
5918.378156	39.765625
5925.824837	40.679688
5928.110998	40.695312
5935.562315	40.671875
5945.300665	40.671875
5955.039882	43.648438
5964.779962	47.796875
5974.520901	47.796875
5984.262695	51.023438
5986.526539	51.023438
5996.265504	51.148438
6006.005328	53.500000
6015.746005	53.500000
6025.487532	55.406250
6035.229904	55.406250
6044.973118	55.406250
6054.717169	57.203125
6064.462054	57.203125
6066.712454	57.203125
6076.454558	57.203125
6086.197499	57.273438
6095.941273	57.273438
6105.685875	57.273438
6115.431301	59.046875
6125.177548	59.046875
6134.924612	59.046875
6144.672489	58.937500
6146.909793	55.992188
6156.654936	55.992188
6166.400895	55.992188
6176.147667	53.828125
6185.895246	53.828125
6195.643631	53.828125
6205.392816	53.781250
6215.142798	53.781250
6217.370827	53.781250
6227.118114	53.781250
6236.866200	54.718750
6246.615083	54.718750
6256.364759	54.718750
6266.115224	56.359375
6275.866474	56.359375
6285.618506	56.359375
6295.371315	56.656250
6297.586839	56.656250
6307.336997	56.656250
6317.087937	56.656250
6326.839653	55.398438
6336.592144	55.398438
6346.345405	55.398438
6356.099433	53.257812
6365.854224	53.257812
6375.609775	53.257812
6377.813105	52.398438
6387.566047	50.976562
6397.319751	50.976562
6407.074215	50.976562
6416.829435	50.679688
6426.585408	50.679688
6436.342129	50.679688
6446.099596	51.148438
6455.857805	51.148438
6458.049241	51.148438
6467.804883	51.421875
6477.561269	51.421875
6487.318398	51.421875
6497.076266	53.320312
6506.834868	53.320312
6516.594202	53.320312
6526.354266	55.593750
6528.537355	55.593750
6538.294885	55.593750
6548.053146	55.593750
6557.812135	55.289062
6567.571850	55.289062
6577.332286	55.289062
6587.093441	53.023438
6596.855311	53.023438
6606.617894	53.023438
6608.789602	50.859375
6618.549690	50.882812
6628.310494	50.882812
6638.072009	50.882812
6647.834234	51.039062
6657.597164	51.039062
6667.360797	51.039062
6677.125130	51.828125
6686.890159	51.828125
6689.050755	51.828125
6698.813328	51.828125
6708.576600	52.156250
6718.340569	52.156250
6728.105231	52.156250
6737.870584	52.429688
6747.636623	52.429688
6757.403347	52.429688
6767.170753	52.320312
6769.320498	52.320312
6779.085484	52.320312
6788.851155	52.320312
6798.617507	53.257812
6808.384537	53.257812
6818.152242	53.257812
6827.920621	52.406250
6837.689668	52.406250
6839.831869	52.226562
6849.598528	52.226562
6859.365860	50.398438
6869.133861	50.398438
6878.902529	50.398438
6888.671860	50.546875
6898.441853	50.546875
6908.212504	50.546875
6917.983810	50.781250
6920.115606	50.781250
6929.884559	50.781250
6939.654170	50.781250
6949.424437	51.632812
6959.195356	51.632812
6968.966925	51.632812
6978.739141	52.296875
6988.512002	52.296875
6998.285504	52.296875
7000.407131	52.296875
7010.178314	52.140625
7019.950142	52.140625
7022.079464	52.757812
7031.848974	52.757812
7033.988911	52.757812
7043.756100	54.523438
7053.523942	54.523438
7055.671478	54.523438
7065.437000	54.523438
7067.595065	55.742188
7077.358264	55.890625
7079.526820	55.890625
7089.287693	55.890625
7099.049232	55.890625
7101.225246	55.890625
7110.984461	56.203125
7113.170882	56.289062
7122.927769	56.289062
7132.685329	56.289062
7134.879116	56.289062
7144.634350	56.078125
7146.838462	56.078125
7156.591367	56.078125
7166.344954	56.078125
7168.556340	54.078125
7178.307600	54.796875
7180.529228	54.796875
7190.278159	54.796875
7200.027778	54.796875
7202.256591	54.796875
7212.003882	57.898438
7214.242857	57.210938
7223.987818	57.210938
7233.733476	57.210938
7235.979547	57.210938
7245.722876	58.968750
7247.979029	57.320312
7257.720028	57.320312
7267.461730	57.320312
7269.724892	57.320312
7279.464266	57.718750
7281.737430	57.718750
7291.474474	57.718750
7293.757605	56.226562
7303.492315	56.226562
7313.227742	56.359375
7315.517753	56.359375
7325.250849	56.359375
7327.550750	56.359375
7337.281513	56.359375
7347.012998	56.242188
7349.319696	55.359375
7359.048852	55.359375
7361.365362	55.359375
7371.092185	55.359375
7380.819738	55.296875
7383.142962	55.296875
7392.868185	55.296875
7395.201147	53.296875
7404.924037	53.296875
7414.647665	51.812500
7416.987259	51.812500
7426.708558	51.812500
7429.057814	51.812500
7438.776781	51.726562
7448.496493	51.726562
7450.852300	51.187500
7460.569683	51.187500
7462.935079	51.187500
7472.650132	51.257812
7482.365936	51.257812
7484.737804	51.257812
7494.451281	51.257812
7496.832665	50.921875
7506.543812	51.296875
7508.934678	51.296875
7518.643495	51.296875
7528.353074	51.296875
7530.750295	51.296875
7540.457546	52.093750
7542.864177	51.398438
7552.569099	51.398438
7562.274790	51.398438
7564.687700	51.398438
7574.391065	52.351562
7576.813314	52.351562
7586.514351	52.351562
7596.216163	52.351562
7598.644616	54.328125
7608.344104	55.898438
7610.781826	55.898438
7620.478988	55.898438
7630.176931	55.898438
7632.620782	55.898438
7642.316403	57.468750
7644.769454	57.140625
7654.462751	57.140625
7664.156836	57.140625
7666.615942	57.140625
7676.307706	55.429688
7678.775944	55.429688
7688.465387	55.429688
7698.155623	55.429688
7700.629844	55.468750
7710.317763	51.343750
7712.801048	51.343750
7722.486646	51.343750
7724.978964	51.343750
7734.662242	51.343750
7744.346325	51.468750
7746.844519	51.257812
7756.526284	51.257812
7759.033445	51.257812
7768.712892	51.257812
7778.393150	54.781250
7780.906117	54.781250
7790.584060	54.781250
7793.105928	54.812500
7802.781555	54.812500
7812.458000	54.210938
7814.985605	54.210938
7824.659737	54.210938
7827.196177	54.210938
7836.867997	54.210938
7846.540639	52.250000
7849.082749	51.820312
7858.753082	51.820312
7861.303963	51.820312
7870.971986	51.820312
7880.640837	53.343750
7883.197321	53.343750
7892.863866	53.343750
7895.429057	52.093750
7905.093295	52.093750
7914.758366	54.289062
7917.329095	54.289062
7926.991863	54.289062
7929.571237	54.289062
7939.231701	54.289062
7941.819691	54.007812
7951.477850	52.976562
7961.136853	52.976562
7963.730282	52.976562
7973.386984	52.976562
7975.988967	52.976562
7985.643368	52.460938
7995.298619	52.460938
7997.905976	52.562500
8007.558929	52.562500
8010.174780	52.562500
8019.825435	52.296875
8029.476944	52.296875
8032.098107	52.296875
8041.747323	52.296875
8044.376918	52.023438
8054.023839	52.351562
8063.671620	52.351562
8066.306466	52.351562
8075.951956	52.351562
8078.595175	52.351562
8088.238374	51.976562
8097.882439	51.976562
8100.530847	52.281250
8110.172625	52.281250
8112.829346	52.281250
8122.468837	51.398438
8132.109197	51.398438
8134.771048	51.398438
8144.409125	51.398438
8147.079231	51.828125
8156.715025	51.671875
8159.393360	51.671875
8169.026870	51.671875
8178.661260	51.671875
8181.344633	51.671875
8190.976743	52.632812
8193.668287	52.171875
8203.298117	52.171875
8212.928832	52.171875
8215.625357	52.171875
8225.253795	53.757812
8227.958435	53.757812
8237.584597	53.757812
8247.211650	53.757812
8249.921212	54.632812
8259.545992	54.132812
8262.263612	54.132812
8271.886121	54.132812
8281.509524	54.132812
8284.232010	54.132812
8293.853146	53.898438
8296.583634	54.351562
8306.202502	54.351562
8315.822268	54.351562
8318.557567	54.351562
8328.175070	53.476562
8330.918317	53.476562
8340.533556	53.476562
8350.149699	53.476562
8352.897701	52.132812
8362.511584	54.000000
8365.267479	54.000000
8374.879104	54.000000
8377.642867	54.000000
8387.252232	54.000000
8396.862509	55.648438
8399.630944	54.117188
8409.238967	54.117188
8412.015216	54.117188
8421.620984	54.117188
8431.227669	53.843750
8434.008537	53.843750
8443.612971	53.843750
8446.401601	54.578125
8456.003784	54.578125
