0.000000	42.140625
10.000000	42.218750
10.000000	43.148438
14.142136	43.148438
20.000000	42.218750
22.360680	43.148438
28.284271	43.148438
36.055513	44.007812
44.721360	44.007812
50.000000	44.007812
58.309519	44.007812
67.082039	47.203125
72.111026	46.906250
80.622577	46.906250
89.442719	46.906250
98.488578	46.929688
102.956301	46.929688
111.803399	46.929688
120.830460	46.929688
125.299641	46.929688
134.164079	45.437500
143.178211	45.437500
147.648231	39.250000
156.524758	34.796875
165.529454	28.531250
174.642492	29.101562
178.885438	29.093750
187.882942	29.054688
196.977156	28.500000
201.246118	28.500000
210.237960	28.500000
219.317122	28.500000
223.606798	28.500000
232.594067	28.500000
241.660919	28.500000
245.967478	28.500000
254.950976	28.500000
264.007576	28.390625
273.130006	28.203125
277.308492	28.203125
286.356421	28.140625
295.465734	28.015625
299.666481	28.015625
308.706981	27.531250
317.804972	27.351562
322.024844	27.328125
331.058907	27.242188
340.147027	27.140625
344.383507	27.250000
353.411941	27.093750
362.491379	26.921875
371.618084	26.265625
375.765885	26.109375
384.837628	26.164062
393.954312	26.296875
398.120585	26.312500
407.185461	24.812500
416.293166	24.078125
420.475921	23.835938
429.534632	24.007812
438.634244	23.429688
447.772264	23.515625
451.884941	23.078125
460.977223	22.703125
470.106371	22.812500
474.236228	22.945312
483.321839	22.828125
492.442890	23.625000
496.588361	23.414062
505.667875	23.820312
514.781507	23.656250
518.941230	23.500000
528.015151	23.179688
537.121960	23.070312
546.260011	22.960938
550.363516	22.820312
559.464029	22.710938
568.594759	22.640625
572.712843	22.601562
581.807528	22.515625
590.931468	22.429688
595.063022	22.468750
604.152299	22.390625
613.269924	22.304688
622.414653	22.125000
626.498204	21.859375
635.609943	21.625000
644.748013	21.343750
648.845128	21.148438
657.951366	21.117188
667.083203	21.070312
671.192968	20.867188
680.294054	20.085938
689.420046	19.679688
693.541635	19.546875
702.637887	19.351562
711.758386	18.945312
720.902213	18.421875
724.982758	18.242188
734.098086	17.812500
743.236167	17.562500
747.328576	17.625000
756.439026	17.375000
765.571682	17.070312
769.675256	17.015625
778.781099	16.750000
787.908624	16.664062
797.057087	16.656250
801.124210	16.789062
810.246876	16.781250
819.390017	16.601562
823.468275	16.492188
832.586332	16.257812
841.724420	16.085938
845.813218	15.953125
854.926897	16.000000
864.060183	16.195312
868.158972	16.062500
877.268488	16.281250
886.397202	16.960938
895.544527	19.781250
899.611027	20.382812
908.735385	23.882812
917.877988	26.414062
921.954446	26.523438
931.074648	26.492188
940.212742	27.718750
944.298682	30.210938
953.414915	33.476562
962.548700	33.476562
966.643678	33.789062
975.756117	33.789062
984.885780	33.921875
994.032193	33.921875
998.098192	33.921875
1007.223908	33.921875
1016.366076	33.546875
1020.441081	33.546875
1029.563014	33.546875
1038.701112	33.859375
1042.784733	33.859375
1051.903037	32.632812
1061.037228	32.632812
1070.186900	32.632812
1074.243920	32.632812
1083.374358	32.289062
1092.520023	32.289062
1096.585610	32.601562
1105.712440	32.601562
1114.854251	32.390625
1118.928058	32.390625
1128.051417	32.390625
1137.189518	32.390625
1141.271221	32.390625
1150.391238	32.679688
1159.525765	32.679688
1168.674463	32.679688
1172.731853	32.593750
1181.862936	32.882812
1191.007976	32.882812
1195.073220	32.882812
1204.200980	32.882812
1213.342491	32.867188
1217.415295	32.867188
1226.539849	32.867188
1235.677952	32.867188
1244.829306	33.187500
1248.879498	32.882812
1258.014308	32.882812
1267.162184	34.226562
1271.219887	34.226562
1280.351514	34.226562
1289.496026	34.226562
1293.560977	34.226562
1302.689526	37.359375
1311.830782	37.359375
1315.902732	36.742188
1325.028302	36.742188
1334.166406	36.328125
1343.316791	36.328125
1347.367804	36.328125
1356.502857	36.328125
1365.650028	37.226562
1369.707998	37.226562
1378.840092	37.226562
1387.984150	37.226562
1392.048850	37.468750
1401.178076	39.351562
1410.319113	39.351562
1414.390328	39.351562
1423.516772	39.351562
1432.654878	41.023438
1441.804425	41.023438
1445.856148	41.023438
1454.991409	41.023438
1464.137972	41.570312
1468.196172	41.421875
1477.328670	41.421875
1486.472334	41.421875
1490.536816	41.421875
1499.666630	43.250000
1508.807476	43.250000
1517.959156	43.250000
1522.005256	43.250000
1531.143364	43.820312
1540.292180	43.820312
1544.344521	44.718750
1553.479964	44.718750
1562.625995	44.921875
1566.684397	44.921875
1575.817248	44.921875
1584.960567	44.921875
1589.024858	44.921875
1598.155186	43.359375
1607.295866	43.359375
1616.446720	43.359375
1620.493752	41.687500
1629.631860	39.289062
1638.780034	39.289062
1642.832919	39.289062
1651.968523	39.289062
1661.114084	40.796875
1665.172664	40.796875
1674.305826	40.796875
1683.448841	40.796875
1692.601548	41.117188
1696.643746	41.117188
1705.784277	41.117188
1714.934401	41.117188
1718.982257	41.117188
1728.120366	41.750000
1737.267970	41.750000
1741.321337	41.750000
1750.457083	41.750000
1759.602228	42.429688
1764.766273	42.429688
1768.756625	42.429688
1773.950394	42.429688
1783.143292	42.492188
1792.344833	42.492188
1797.692966	42.492188
1801.554884	42.492188
1806.931100	41.148438
1816.177304	41.148438
1825.431456	41.148438
1830.956034	38.718750
1834.693435	37.593750
1840.244549	38.718750
1849.540483	38.718750
1858.843727	35.890625
1864.537476	35.890625
1868.154169	35.890625
1873.872995	35.890625
1883.215336	34.851562
1892.564398	34.851562
1898.420396	34.851562
1901.920082	34.851562
1907.799780	34.382812
1917.185437	34.382812
1926.577276	34.382812
1932.588937	35.609375
1935.975206	34.867188
1942.009269	35.609375
1951.435369	35.609375
1960.867155	33.539062
1967.028215	33.539062
1970.304545	33.539062
1976.486782	33.539062
1985.950654	31.500000
1995.419755	31.500000
2001.724257	31.500000
2004.894012	31.500000
2011.218536	31.500000
2020.717694	31.500000
2030.221663	31.500000
2036.663939	35.851562
2039.730374	35.078125
2046.191584	35.851562
2055.723717	35.851562
2065.260274	35.789062
2071.834936	35.789062
2074.801195	35.789062
2081.393764	35.789062
2090.956719	36.382812
2097.641533	36.382812
2100.523744	36.382812
2107.225664	36.382812
2116.813643	36.382812
2126.405418	36.382812
2133.213538	36.843750
2136.000936	36.382812
2142.825238	37.023438
2152.440475	37.023438
2162.059204	37.023438
2168.985938	36.929688
2171.681376	36.929688
2178.623419	36.929688
2188.264152	36.929688
2197.908096	34.546875
2204.948979	34.546875
2207.555209	34.546875
2214.610575	34.546875
2224.275163	33.023438
2233.942703	33.023438
2241.093483	32.078125
2243.613157	32.304688
2250.777643	30.960938
2260.464554	29.945312
2270.154180	29.625000
2277.410811	28.742188
2279.846486	29.250000
2287.116088	28.296875
2296.823894	28.296875
2306.534197	28.296875
2313.892824	27.968750
2316.246964	28.328125
2323.617869	26.656250
2333.345238	25.320312
2343.074903	23.976562
2350.531855	23.554688
2352.806834	23.500000
2360.275408	19.890625
2370.021097	16.195312
2379.768896	15.210938
2387.320674	14.578125
2389.518780	14.343750
2397.081559	14.710938
2406.844407	14.695312
2416.609195	14.375000
2424.252462	14.648438
2426.375898	14.406250
2434.029581	14.742188
2443.808503	14.929688
2453.589208	15.117188
2461.320784	14.671875
2463.371673	15.015625
2471.113110	14.898438
2480.907092	15.375000
2490.702712	15.835938
2498.519562	16.515625
2500.499950	16.492188
2508.326135	16.679688
2518.134230	16.500000
2527.943828	16.710938
2535.843055	17.101562
2537.754913	17.031250
2545.662978	16.750000
2555.484299	16.437500
2565.306999	16.234375
2573.285837	16.054688
2575.131065	15.921875
2583.118271	15.882812
2592.951986	15.804688
2602.786968	15.367188
2610.842776	15.031250
2612.623203	15.046875
2620.686933	15.203125
2630.532266	15.281250
2640.378761	15.218750
2648.509015	15.156250
2650.226405	15.148438
2658.364159	15.257812
2668.220381	15.320312
2676.415513	15.343750
2678.077669	15.382812
2686.279956	15.210938
2696.145397	14.835938
2706.011826	14.570312
2714.277068	14.437500
2715.879231	14.539062
2724.151244	14.390625
2734.026335	14.164062
2743.902331	13.992188
2752.235455	13.742188
2753.779221	13.828125
2762.118752	13.679688
2772.002886	13.507812
2781.887848	13.335938
2790.286724	13.132812
2791.773630	13.312500
2800.178566	13.093750
2810.071173	12.976562
2819.964539	12.812500
2828.427125	12.507812
2829.858654	12.609375
2838.326972	12.226562
2848.227519	11.757812
2858.128758	11.367188
2866.653101	11.554688
2868.030683	11.312500
2876.560446	11.750000
2886.468430	11.843750
2896.377047	11.796875
2904.961273	11.414062
2906.286290	11.562500
2914.875641	10.976562
2924.790591	10.664062
2934.706118	10.656250
2943.348433	10.679688
2944.622217	10.757812
2953.269375	10.828125
2963.190848	10.906250
2973.112847	10.671875
2981.811530	10.343750
2983.035367	10.203125
2991.738625	10.054688
3001.666204	9.968750
3011.594262	10.015625
3020.347662	10.179688
3021.522795	10.062500
3030.280515	10.437500
3040.213808	10.601562
3050.147537	10.875000
3058.954070	11.414062
3060.081698	11.257812
3068.892308	10.835938
3078.830947	11.757812
3088.769982	15.382812
3097.628125	18.460938
3098.709409	18.187500
3107.571399	19.875000
3117.515036	21.656250
3127.459033	21.937500
3136.367325	24.593750
3137.403385	24.351562
3146.315305	25.062500
3156.263614	25.515625
3166.212248	25.953125
3175.169287	26.351562
3176.161205	26.304688
3185.121662	26.632812
3195.074334	26.914062
3205.027301	27.195312
3214.031736	31.476562
3214.980560	31.476562
3223.988213	31.476562
3233.944959	31.117188
3243.901971	31.117188
3252.952505	29.890625
3253.859247	31.117188
3262.912809	29.960938
3272.873355	29.960938
3281.965874	29.960938
3282.834141	29.960938
3291.929525	29.976562
3301.893396	29.976562
3311.857485	29.976562
3320.993827	30.070312
3321.821789	30.070312
3330.960822	30.070312
3340.928015	30.070312
3350.895403	30.218750
3360.074404	30.296875
3360.862984	30.218750
3370.044510	30.296875
3380.014793	31.859375
3389.985251	31.859375
3399.205790	31.859375
3399.955882	31.859375
3409.178787	32.453125
3419.151942	32.453125
3429.125253	32.453125
3438.386249	31.929688
3439.098719	31.929688
3448.361930	31.929688
3458.337751	31.929688
3468.313711	31.546875
3477.614125	33.281250
3478.289810	31.546875
3487.592293	33.281250
3497.570585	34.398438
3507.549002	34.398438
3516.887829	34.398438
3517.527541	34.398438
3526.868299	34.648438
3536.848880	34.648438
3546.829570	34.648438
3556.205843	34.203125
3556.810369	34.203125
3566.188441	34.203125
3576.171137	34.203125
3586.153929	34.007812
3595.566715	33.476562
3596.136816	34.007812
3605.551275	33.476562
3615.535922	35.531250
3625.520652	35.531250
3634.969051	35.531250
3635.505467	35.531250
3644.955418	35.273438
3654.941860	35.273438
3664.928376	35.273438
3674.411518	35.000000
3674.914965	35.000000
3684.399544	35.000000
3694.387635	35.000000
3704.375791	34.851562
3714.364010	34.851562
3724.352293	34.851562
3734.340638	34.093750
3744.329045	34.093750
3754.317515	34.093750
3764.306045	33.421875
3774.294636	33.421875
3784.283287	33.421875
3794.271999	32.812500
3804.260769	32.812500
3814.249599	32.812500
3824.238486	31.992188
3834.227432	31.992188
3844.216435	31.992188
3854.205495	32.187500
3864.194612	32.187500
3874.183785	32.187500
3884.173014	31.171875
3894.162298	31.171875
3904.151636	31.171875
3914.141030	31.078125
3924.130477	31.078125
3934.119978	31.078125
3944.109532	31.101562
3954.099139	31.101562
3964.088798	31.101562
3974.078510	31.898438
3984.068273	31.898438
3994.058087	32.789062
4004.047952	32.789062
4014.037867	32.789062
4024.027833	31.296875
4034.017848	31.296875
4044.007913	31.296875
4053.998027	31.343750
4063.988189	31.343750
4073.978400	31.343750
4083.968658	31.609375
4093.958964	31.609375
4103.949317	31.609375
4113.939718	32.406250
4123.930164	32.406250
4133.920657	32.406250
4143.911196	33.007812
4153.901780	33.007812
4163.892410	33.007812
4173.883084	32.132812
4183.873803	32.132812
4193.864566	32.132812
4203.855373	31.968750
4213.846224	31.968750
4223.837118	31.968750
4233.828055	32.203125
4243.819035	32.203125
4253.810057	32.203125
4263.801121	32.226562
4273.792227	32.226562
4283.783375	32.226562
4293.774563	33.062500
4303.765793	33.062500
4313.757063	33.062500
4323.748374	33.351562
4333.739725	33.351562
4343.731115	33.351562
4353.722545	33.156250
4363.714014	33.156250
4373.705523	33.156250
4383.697070	31.757812
4393.688655	31.757812
4403.680279	31.757812
4413.671941	32.468750
4423.663640	32.468750
4433.655377	32.468750
4443.647151	32.960938
4453.246007	32.500000
4453.638962	32.960938
4463.238734	32.500000
4473.231494	32.429688
4483.224286	32.429688
4493.217110	32.429688
4503.209966	32.453125
4513.202854	32.453125
4523.195773	32.453125
4533.188723	33.203125
4543.181704	33.203125
4553.174717	33.203125
4563.167759	32.562500
4573.160833	32.562500
4583.153936	32.562500
4593.147069	32.429688
4603.140232	32.429688
4613.133425	32.429688
4623.126648	32.726562
4633.119899	32.726562
4643.113180	32.726562
4653.106489	32.960938
4663.099827	32.960938
4673.093194	32.960938
4683.086589	33.242188
4693.080012	33.242188
4703.073463	33.242188
4713.066942	33.648438
4723.060448	33.648438
4733.053982	33.648438
4743.047544	34.359375
4753.041132	34.359375
4763.034747	34.328125
4773.028389	34.031250
4783.022057	34.031250
4793.015752	34.031250
4803.009473	34.078125
4813.003220	34.078125
4822.996994	34.078125
4832.990792	34.023438
4842.984617	33.812500
4852.978467	33.484375
4862.972342	33.164062
4872.966242	32.835938
4882.960168	32.507812
4892.954118	32.335938
4902.948093	32.992188
4912.942092	33.640625
4922.936116	33.492188
4932.930164	33.492188
4942.924236	33.492188
4952.918332	33.828125
4962.912451	33.828125
4972.906595	33.828125
4982.900762	33.578125
4992.894952	33.578125
5002.889165	33.578125
5012.883402	33.859375
5022.877661	33.859375
5032.871944	33.859375
5042.866248	34.078125
5052.860576	34.078125
5062.854926	34.078125
5072.849298	34.117188
5082.843692	34.117188
5092.838109	34.117188
5102.832547	34.226562
5112.827007	34.226562
5122.821488	34.226562
5132.815991	34.421875
5142.810516	34.421875
5152.805061	34.421875
5162.799628	34.437500
5172.794216	34.437500
5182.788825	34.437500
5192.783454	34.343750
5202.778104	34.343750
5212.772775	34.343750
5222.767466	34.023438
5232.762177	34.023438
5242.756908	34.023438
5252.751660	33.671875
5262.746431	33.671875
5272.741223	33.671875
5282.736034	33.726562
5292.730864	33.726562
5302.725714	33.726562
5312.720584	34.375000
5322.715472	34.101562
5332.710380	33.453125
5342.705307	32.796875
5352.700253	32.257812
5362.695218	32.351562
5372.690201	32.351562
5382.685204	32.507812
5392.680224	33.046875
5402.675263	33.703125
5412.670321	34.234375
5422.665396	34.234375
5432.660490	34.070312
5442.655602	34.070312
5452.650732	34.156250
5462.645879	34.156250
5472.641044	34.156250
5482.636227	34.117188
5492.631428	34.117188
5502.626646	34.031250
5512.621881	34.000000
5522.617133	34.000000
5532.612403	34.000000
5542.607690	34.242188
5552.602993	34.890625
5562.598314	35.421875
5572.593651	35.007812
5582.589005	35.007812
5592.584376	35.007812
5602.579763	34.937500
5612.575167	34.937500
5622.570586	34.937500
5632.566023	35.101562
5642.561475	35.101562
5652.556944	35.101562
5662.552428	35.023438
5672.547928	35.023438
5682.543445	35.023438
5692.538977	35.007812
5702.534524	35.007812
5712.530087	35.007812
5722.525666	34.781250
5732.521260	34.781250
5742.516870	34.781250
5752.512495	34.289062
5762.508134	34.289062
5772.503790	34.289062
5782.499460	33.789062
5792.495145	33.789062
5802.206477	33.789062
5802.490844	33.789062
5812.202681	33.757812
5822.198897	33.757812
5832.195127	33.757812
5842.191370	33.789062
5852.187625	33.789062
5862.183893	33.789062
5872.180174	34.445312
5882.176468	34.757812
5892.172774	34.781250
5902.169093	35.406250
5912.165424	35.140625
5922.161767	34.820312
5932.158123	34.492188
5942.154491	34.164062
5952.150872	33.835938
5962.147264	33.515625
5972.143669	33.437500
5982.140085	33.679688
5992.136514	33.679688
6002.132954	33.570312
6012.129406	33.343750
6022.125870	33.179688
6032.122346	33.125000
6042.118834	33.125000
6052.115333	33.125000
6062.111843	33.218750
6072.108365	33.343750
6082.104899	33.476562
6092.101444	33.562500
6102.098000	33.562500
6112.094567	33.562500
6122.091146	33.843750
6132.087736	34.031250
6142.084337	33.953125
6152.080949	33.953125
6162.077572	33.953125
6172.074206	34.148438
6182.070850	34.148438
6192.067506	34.148438
6202.064173	34.750000
6212.060850	34.750000
6222.057538	34.750000
6232.054236	34.609375
6242.050945	34.609375
6252.047665	34.609375
6262.044395	34.617188
6272.041135	34.617188
6282.037886	34.617188
6292.034647	34.656250
6302.031419	34.656250
6312.028200	34.656250
6322.024992	34.773438
6332.021794	34.773438
6342.018606	34.773438
6352.015428	35.093750
6362.012260	35.093750
6372.009102	35.093750
6382.005954	34.609375
6392.002816	34.609375
6401.999688	34.609375
6411.996569	34.593750
6421.993460	34.593750
6431.990361	34.593750
6441.987271	34.601562
6451.984191	34.601562
6461.981120	34.601562
6471.978059	34.632812
6481.975008	34.632812
6491.971965	34.632812
6501.968933	34.968750
6511.965909	34.968750
6521.962895	34.968750
6531.959890	35.078125
6541.956894	35.078125
6551.953907	35.078125
6561.950929	35.062500
6571.947961	35.062500
6581.945001	35.062500
6591.942051	34.328125
6601.939109	34.328125
6611.936176	34.328125
6621.933252	35.343750
6631.930337	34.914062
6641.927431	34.562500
6651.924534	34.562500
6661.921645	34.562500
6671.918764	34.593750
6681.915893	34.757812
6691.913030	34.984375
6701.910175	35.148438
6711.907330	35.304688
6721.904492	35.406250
6731.901663	35.421875
6741.898842	35.390625
6751.896030	35.164062
6761.893226	35.000000
6771.890430	34.835938
6781.887643	34.609375
6791.884864	34.453125
6801.882092	34.132812
6811.879330	33.812500
6821.876575	33.484375
6831.873828	33.437500
6841.871089	33.562500
6851.868358	33.562500
6861.865636	34.078125
6871.862921	34.109375
6881.860214	34.109375
6891.857514	34.117188
6901.854823	34.117188
6911.852140	33.992188
6921.849464	33.992188
6931.846796	33.992188
6941.844135	33.828125
6951.841483	33.828125
6961.838838	33.664062
6971.836200	32.828125
6981.833570	32.351562
6991.830948	32.164062
7001.828333	31.968750
7011.825725	32.171875
7021.823125	32.859375
7031.820532	33.601562
7041.817947	34.093750
7051.815369	34.093750
7061.812798	34.968750
7071.810235	34.968750
7081.807679	34.968750
7091.805130	35.578125
7101.802588	35.578125
7111.800053	35.578125
7121.797526	36.226562
7131.795005	36.226562
7141.792492	36.226562
7151.789986	35.890625
7161.571057	35.890625
7161.787486	35.890625
7171.568866	35.890625
7181.566681	35.671875
7191.564503	35.671875
7201.562330	35.671875
7211.560164	35.937500
7221.558004	35.937500
7231.555849	35.937500
7241.553701	35.710938
7251.551558	35.710938
7261.549421	35.710938
7271.547291	35.570312
7281.545166	35.570312
7291.543047	35.507812
7301.540933	34.859375
7311.538826	34.226562
7321.536724	33.664062
7331.534628	33.015625
7341.532538	32.367188
7351.530453	32.398438
7361.528374	32.726562
7371.526301	33.054688
7381.524233	33.320312
7391.522171	33.648438
7401.520114	33.968750
7411.518063	34.109375
7421.516018	34.109375
7431.513978	34.109375
7441.511943	33.953125
7451.509914	33.625000
7461.507891	33.296875
7471.505872	33.109375
7481.503860	33.109375
7491.501852	33.109375
7501.499850	33.414062
7511.497853	34.390625
7521.495862	35.250000
7531.493876	35.250000
7541.491895	35.562500
7551.489919	35.562500
7561.487949	35.562500
7571.485984	34.789062
7581.484024	34.789062
7591.482069	34.789062
7601.480119	34.640625
7611.478174	34.640625
7621.476235	34.640625
7631.474301	33.906250
7641.472371	33.906250
7651.470447	33.906250
7661.468528	34.601562
7671.466613	34.601562
7681.464704	34.601562
7691.462800	35.179688
7701.460900	35.179688
7711.459006	35.179688
7721.457116	35.601562
7731.455232	35.273438
7741.453352	34.890625
7751.451477	34.718750
7761.449607	34.718750
7771.447742	34.703125
7781.445881	34.664062
7791.444025	34.664062
7801.442174	34.664062
7811.440328	34.492188
7821.438487	34.171875
7831.436650	33.843750
7841.434818	33.828125
7851.432990	33.828125
7861.431167	33.828125
7871.429349	33.945312
7881.427536	33.945312
7891.425727	33.945312
7901.423922	33.867188
7911.422122	33.867188
7921.420327	33.867188
7931.418536	33.820312
7941.416750	33.820312
7951.414968	33.820312
7961.413191	34.945312
7971.411418	34.945312
7981.409650	34.945312
7991.407886	34.578125
8001.406126	34.109375
8011.404371	33.460938
8021.402620	33.000000
8031.400874	33.000000
8041.399132	33.000000
8051.397394	33.046875
8061.395661	33.367188
8071.393932	33.695312
8081.392207	34.000000
8091.390486	34.000000
8101.388770	34.000000
8111.387058	34.000000
8121.385350	33.671875
8131.383646	33.351562
8141.381947	33.023438
8151.380251	33.000000
8161.378560	33.000000
8171.376873	33.000000
8181.375190	33.000000
8191.373511	33.000000
8201.371836	33.000000
8201.560827	33.000000
8211.558926	32.867188
8221.557030	32.765625
8231.555139	32.601562
8241.553252	32.679688
8251.551369	32.906250
8251.751329	32.351562
8261.749209	32.414062
8271.747095	32.468750
8281.744985	32.468750
8291.742881	32.468750
8301.740781	32.281250
8301.951578	31.804688
8311.949230	31.484375
8321.946888	31.156250
8331.944551	31.132812
8341.942220	31.132812
8342.163988	31.625000
8352.161397	31.742188
8362.158812	31.835938
8372.156234	31.835938
8382.153661	31.835938
8392.151095	31.960938
8392.383452	32.609375
8402.380615	32.742188
8412.377785	32.781250
8422.374962	32.945312
8432.372145	32.695312
8442.369336	32.382812
8442.612155	32.343750
8452.609065	32.117188
8462.605982	32.445312
8472.602906	32.765625
8482.599837	33.000000
8482.853294	33.000000
8492.849934	33.000000
8502.846582	33.000000
8512.843238	33.000000
8522.839902	33.000000
8532.836574	33.000000
8533.100257	33.000000
8543.096628	33.000000
8553.093008	33.000000
8563.089396	33.000000
8573.085792	33.000000
8583.082197	32.679688
8583.355987	32.679688
8593.352082	32.351562
8603.348185	32.031250
8613.344298	31.703125
8623.340420	31.375000
8623.624528	31.375000
8633.620330	31.054688
8643.616141	30.859375
8653.611963	30.812500
8653.906632	30.546875
8663.902123	30.335938
8673.897624	30.554688
8683.893136	30.882812
8684.198293	30.601562
8694.193465	30.929688
8704.188647	31.257812
8714.183840	31.578125
8714.499412	31.906250
8724.494255	32.234375
8734.489109	32.554688
8744.483976	32.882812
8744.809889	33.210938
8754.804395	33.539062
8764.798914	33.492188
8774.793445	33.164062
8775.129629	33.492188
8785.123790	33.164062
8795.117964	32.835938
8805.112151	32.507812
8805.458534	32.507812
8815.452342	32.187500
8825.446164	32.000000
8825.803080	32.000000
8835.796512	32.000000
8845.789959	32.000000
8855.783421	32.117188
8856.150405	32.117188
8866.143468	32.445312
8876.136547	32.773438
8886.129641	32.914062
8886.506625	32.648438
8896.499312	32.421875
8906.492014	32.125000
8916.484733	32.000000
8916.871649	32.000000
8926.863951	32.000000
8936.856271	32.000000
8946.848607	32.054688
8947.245386	32.054688
8957.237297	32.375000
8967.229226	32.703125
8977.221174	33.000000
8977.627749	33.000000
8987.619262	33.000000
8997.610794	33.000000
8998.027562	33.000000
9008.018650	33.007812
9018.009758	33.164062
9028.000886	33.437500
9028.427327	33.625000
9038.418003	33.757812
9048.408700	33.687500
9058.399417	33.359375
9058.835466	33.625000
9068.825723	33.296875
9078.816002	32.968750
9088.806302	32.648438
9089.251894	32.968750
9099.241727	32.648438
9109.231581	32.718750
9119.221458	32.796875
9119.676529	32.953125
9129.665930	32.960938
9139.655355	33.000000
9149.644802	33.000000
9150.109289	32.757812
9160.098253	32.757812
9170.087241	33.093750
9180.076252	33.429688
9180.550092	33.312500
9190.538613	33.812500
9200.527159	34.203125
9201.010814	34.203125
9210.998860	34.523438
9220.986932	34.851562
9230.975030	34.820312
9231.467922	34.820312
9241.455513	34.492188
9251.443131	34.171875
9261.430775	33.765625
9261.932844	33.765625
9271.919974	33.265625
9281.907132	32.742188
9291.894317	32.320312
9292.405501	32.000000
9302.392165	31.671875
9312.378858	31.343750
9322.365580	31.242188
9322.885819	30.914062
9332.872012	31.242188
9342.858235	31.570312
9352.844487	31.898438
9353.373723	31.570312
9363.359440	31.898438
9373.345187	32.218750
9373.883934	31.898438
9383.869138	32.187500
9393.854374	32.468750
9403.839641	32.796875
9404.387274	32.546875
9414.371992	32.632812
9424.356742	32.367188
9434.341524	32.046875
9434.897986	31.656250
9444.882212	31.539062
9454.866472	32.023438
9464.850765	32.515625
9465.415997	32.437500
9475.399728	33.000000
9485.383493	32.914062
9495.367291	32.914062
9495.941238	33.226562
9505.924468	33.289062
9515.907734	32.992188
9525.891034	32.671875
9526.473639	33.320312
9536.456365	32.992188
9546.439127	32.671875
9547.030952	33.234375
9557.013132	32.585938
9566.995349	32.062500
9576.977603	32.000000
9577.577982	32.125000
9587.559648	32.125000
9597.541352	32.125000
9607.523094	32.125000
9608.131972	32.453125
9618.113121	32.453125
9628.094308	32.453125
9638.075534	32.453125
9638.692857	32.781250
9648.673484	32.781250
9658.654151	32.781250
9668.634857	32.875000
9669.260572	32.945312
9679.240673	32.945312
9689.220815	32.945312
9699.200998	33.117188
9699.835050	33.085938
9709.814622	33.281250
9719.794237	33.476562
9729.773893	33.492188
9730.416230	33.171875
9740.395269	33.125000
9750.374352	33.101562
9751.025587	32.875000
9761.004047	32.750000
9770.982550	32.421875
9780.961098	32.093750
9781.620520	31.703125
9791.598439	31.640625
9801.576404	31.796875
9811.554413	31.875000
9812.221971	31.875000
9822.199346	32.000000
9832.176768	32.000000
9842.154236	32.000000
9842.829878	32.031250
9852.806707	32.000000
9862.783583	32.000000
9872.760506	32.000000
9873.444181	32.000000
9883.420461	32.015625
9893.396788	32.179688
9903.373163	32.460938
9904.064822	32.140625
9914.040549	32.265625
9924.016324	31.804688
9924.716621	31.695312
9934.691742	31.375000
9944.666912	31.046875
9954.642133	31.335938
9955.350320	31.523438
9965.324882	31.820312
9975.299494	31.984375
9985.274157	32.296875
9985.990186	32.296875
9995.964186	32.625000
10005.938237	32.945312
10015.912340	32.726562
10016.636162	32.734375
10026.609596	32.406250
10036.583084	32.078125
10046.556624	32.015625
10047.288191	32.343750
10057.261059	32.343750
10067.233980	32.343750
10077.206954	32.460938
10077.946219	32.781250
10087.918517	32.835938
10097.890869	32.937500
10107.863276	33.000000
10108.610191	33.000000
10118.581916	33.000000
10128.553697	33.000000
10129.308960	32.929688
10139.280053	32.906250
10149.251204	32.648438
10159.222411	32.398438
10159.985236	32.726562
10169.955752	32.484375
10179.926326	32.156250
10189.896957	31.828125
10190.667299	32.156250
10200.637235	31.968750
10210.607230	31.968750
10220.577283	31.968750
10221.355096	32.398438
10231.324450	32.296875
10241.293864	32.296875
10251.263337	32.296875
10252.048576	32.625000
10262.017346	32.765625
10271.986176	33.234375
10281.955067	33.625000
10282.747687	33.726562
10292.715871	34.023438
10302.684116	34.023438
10303.484847	34.000000
10313.452380	34.000000
10323.419976	33.945312
10333.387634	33.726562
10334.195663	33.625000
10344.162605	33.093750
10354.129611	32.750000
10364.096680	32.265625
10364.911963	31.750000
10374.878313	31.429688
10384.844727	31.070312
10394.811206	31.039062
10395.633699	31.000000
10405.599454	31.000000
10415.565275	31.000000
10425.531162	31.125000
10426.360822	31.156250
10436.325982	31.398438
10446.291208	31.562500
10456.256500	31.578125
10457.093286	31.906250
10467.057848	31.906250
10477.022478	31.906250
10477.867149	32.234375
10487.831044	32.078125
10497.795007	31.757812
10507.759038	31.500000
10508.610755	32.156250
10518.574048	31.992188
10528.537410	31.890625
10538.500842	31.726562
10539.359563	32.703125
10549.322253	32.648438
10559.285014	32.648438
10569.247845	32.648438
10570.113528	33.000000
10580.075614	33.000000
10590.037771	33.000000
10600.000000	33.000000
10600.872606	33.000000
10610.834086	33.085938
10620.795639	33.234375
10630.757264	33.382812
10631.636751	33.070312
10641.597624	33.070312
10651.558571	33.070312
10661.519592	33.070312
10662.405920	32.718750
10672.366186	32.421875
10682.326526	31.796875
10683.220488	31.281250
10693.180070	30.804688
10703.139726	30.484375
10713.099458	30.484375
10714.000187	30.164062
10723.959157	30.164062
10733.918204	30.164062
10743.877326	30.164062
10744.784781	30.085938
10754.743140	30.085938
10764.701575	30.070312
10774.660087	30.390625
10775.574231	30.390625
10785.531976	30.718750
10795.489799	31.046875
10805.447700	31.367188
10806.368493	31.367188
10816.325624	31.695312
10826.282834	32.000000
10836.240123	32.000000
10837.167527	32.000000
10847.124043	32.000000
10857.080639	32.000000
10858.015472	32.000000
10867.971292	31.835938
10877.927192	31.703125
10887.883174	31.539062
10888.824546	31.218750
10898.779748	31.203125
10908.735032	31.203125
10918.690398	31.203125
10919.638272	31.140625
10929.592856	31.406250
10939.547523	31.726562
10949.502272	32.054688
10950.456611	32.382812
10960.410576	32.835938
10970.364625	33.375000
10980.318757	33.867188
10981.279525	33.867188
10991.232870	33.765625
11001.186300	33.437500
11011.139814	33.109375
11012.106974	32.960938
11022.059699	32.570312
11032.012509	31.914062
11041.965405	31.265625
11042.938920	31.554688
11052.891025	31.523438
11062.843215	31.734375
11063.823932	31.875000
11073.775327	31.921875
11083.726810	32.000000
11093.678380	32.000000
11094.665385	31.960938
11104.616157	31.960938
11114.567018	31.921875
11124.517967	31.921875
11125.511224	31.601562
11135.461373	31.601562
11145.411612	31.601562
11155.361939	31.601562
11156.361414	31.273438
11166.310940	31.273438
11176.260555	31.328125
11186.210261	31.562500
11187.215918	31.429688
11197.164820	31.757812
11207.113812	32.085938
11217.062895	32.406250
11218.074701	32.406250
11228.022978	32.734375
11237.971347	33.062500
11238.990168	33.062500
11248.937728	33.382812
11258.885380	33.710938
11268.833125	33.648438
11269.858029	33.648438
11279.804963	33.648438
11289.751990	33.648438
11299.699111	33.812500
11300.730065	33.812500
11310.676372	33.812500
11320.622774	33.812500
11330.569271	35.000000
11331.606241	34.109375
11341.551922	34.109375
11351.497699	34.109375
11361.443570	34.039062
11362.486524	34.039062
11372.431578	34.039062
11382.376729	34.039062
11392.321976	34.476562
11393.370880	34.476562
11403.315307	34.476562
11413.259832	34.476562
11414.315573	34.750000
11424.259276	35.000000
11434.203077	35.000000
11444.146976	35.000000
11445.208604	35.000000
11455.151679	34.343750
11465.094854	34.343750
11475.038126	34.343750
11476.105611	34.343750
11486.048058	33.890625
11495.990605	33.890625
11505.933252	33.890625
11507.006561	34.078125
11516.948381	36.820312
11526.890301	36.820312
11536.832321	36.820312
11537.911423	36.820312
11547.852614	35.437500
11557.793907	35.437500
11567.735301	35.437500
11568.820165	35.437500
11578.760728	33.757812
11588.701394	33.757812
11598.642162	33.757812
11599.732756	34.281250
11609.672691	34.453125
11619.612730	34.453125
11620.709961	34.453125
11630.649165	34.453125
11640.588473	35.070312
11650.527885	35.070312
11651.630787	35.070312
11661.569363	35.070312
11671.508043	35.578125
11681.446828	35.578125
11682.555371	35.343750
11692.493318	35.343750
11702.431371	35.367188
11712.369530	35.367188
11713.483683	35.367188
11723.421002	35.367188
11733.358428	35.460938
11743.295960	35.460938
11744.415694	35.460938
11754.352385	35.812500
11764.289184	35.812500
11774.226089	35.812500
11775.351375	35.820312
11785.287438	35.523438
11795.223610	35.523438
11796.355369	35.523438
11806.290696	35.523438
11816.226132	34.320312
11826.161677	34.320312
11827.298931	34.320312
11837.233630	34.320312
11847.168438	34.156250
11857.103356	34.156250
11858.246076	34.750000
11868.180147	34.750000
11878.114328	35.492188
11888.048620	35.492188
11889.196777	35.492188
11899.130220	35.492188
11909.063775	37.070312
11918.997441	37.070312
11920.151006	37.070312
11930.083822	37.070312
11940.016750	37.382812
11949.949791	37.382812
11951.108735	36.546875
11961.040925	36.546875
11970.973227	36.007812
11972.138489	36.007812
11982.069938	36.007812
11992.001501	36.007812
12001.933178	37.773438
12003.103765	37.773438
12013.034587	37.773438
12022.965524	37.773438
12032.896576	39.351562
12034.072461	39.718750
12044.002657	39.718750
12053.932968	39.718750
12063.863394	40.078125
12065.044550	40.078125
12074.974120	40.078125
12084.903806	40.078125
12094.833608	39.953125
12096.020007	39.953125
12105.948951	38.937500
12115.878012	37.632812
12125.807190	36.593750
12126.998804	35.945312
12136.927123	35.617188
12146.855560	35.257812
12156.784114	35.000000
12157.980918	35.000000
12167.908612	35.000000
12177.836425	35.000000
12179.039371	34.429688
12188.966322	34.687500
12198.893392	34.687500
12208.820582	34.687500
12210.028665	34.687500
12219.954992	34.031250
12229.881439	34.031250
12239.808005	34.031250
12241.021199	34.031250
12250.946902	34.320312
12260.872726	34.320312
12270.798670	34.320312
12272.016949	35.289062
12281.942029	35.562500
12291.867230	35.562500
12301.792552	35.562500
12303.015890	35.562500
12312.940347	35.117188
12322.864927	35.117188
12332.789628	35.117188
12334.017999	35.117188
12343.941834	38.117188
12353.865792	38.117188
12355.100161	36.679688
12365.023251	36.679688
12374.946465	37.937500
12384.869801	37.937500
12386.109155	37.937500
12396.031623	37.937500
12405.954216	38.046875
12415.876932	38.046875
12417.121244	38.046875
12427.043092	38.046875
12436.965064	37.429688
12446.887161	37.429688
12448.136407	38.828125
12458.057634	38.828125
12467.978986	38.828125
12477.900464	38.828125
12479.154619	38.828125
12489.075226	38.828125
12498.995960	38.867188
12508.916820	38.867188
12510.175858	38.867188
12520.095846	38.867188
12530.015962	40.726562
12539.936204	40.726562
12541.200102	39.921875
12551.119472	39.921875
12561.038970	40.671875
12562.308705	40.671875
12572.227329	40.671875
12582.146081	40.671875
12592.064962	40.882812
12593.339509	40.882812
12603.257515	40.882812
12613.175651	40.882812
12623.093916	39.921875
12624.373252	39.773438
12634.290641	39.773438
