0.000000	52.250000
10.000000	52.250000
14.142136	49.679688
22.360680	49.679688
28.284271	49.679688
36.055513	49.929688
42.426407	49.929688
50.000000	49.929688
56.568542	51.421875
64.031242	51.421875
72.111026	54.382812
78.102497	54.382812
86.023253	54.382812
92.195445	54.382812
100.000000	54.382812
106.301458	55.562500
114.017543	56.601562
120.415946	56.601562
128.062485	56.601562
134.536240	56.601562
142.126704	56.601562
148.660687	60.390625
156.204994	55.773438
162.788206	27.000000
170.293864	26.468750
176.918060	26.171875
184.390889	25.164062
192.093727	23.179688
198.494332	23.414062
206.155281	14.453125
212.602916	22.820312
220.227155	20.203125
226.715681	16.257812
234.307490	12.921875
240.831892	10.734375
248.394847	9.109375
254.950976	6.242188
262.488095	4.398438
269.072481	2.562500
276.586334	1.031250
283.196045	0.617188
290.688837	1.015625
297.321375	1.468750
304.795013	1.718750
311.448230	1.960938
318.904374	2.093750
326.496554	2.593750
333.016516	3.242188
340.587727	3.875000
347.131099	4.062500
354.682957	4.468750
361.247837	4.703125
368.781778	5.109375
375.366488	5.007812
382.883794	5.265625
389.486842	5.078125
396.988665	5.156250
403.608721	4.992188
411.096096	4.953125
417.731971	4.539062
425.205833	4.546875
431.856458	4.468750
439.317653	4.484375
446.878059	4.562500
453.431362	4.750000
460.977223	4.843750
467.546789	4.968750
475.078941	4.843750
481.663783	4.953125
489.182992	4.976562
495.782210	4.984375
503.289181	4.851562
509.901951	4.890625
517.397333	5.046875
524.022900	5.382812
531.507291	5.421875
538.144962	5.140625
545.618915	4.984375
552.268051	5.632812
559.732079	6.078125
567.274184	6.226562
573.846669	6.125000
581.377674	6.000000
587.962584	6.273438
595.482997	6.500000
602.079729	6.921875
609.590026	6.898438
616.198020	7.382812
623.698645	7.656250
630.317380	8.398438
637.808749	8.664062
644.437739	9.414062
651.920241	9.671875
658.559033	10.500000
666.033032	10.781250
672.681202	11.593750
680.147043	12.250000
687.677250	12.945312
694.262198	13.750000
701.783442	14.226562
708.378430	14.914062
715.891053	15.351562
722.495675	16.023438
730.000000	16.492188
736.613874	17.171875
744.110207	17.570312
750.732975	18.109375
758.221603	18.414062
764.852927	18.796875
772.334125	18.882812
778.973684	19.000000
786.447710	18.929688
793.095202	18.984375
800.562302	19.039062
807.217443	19.210938
813.941030	19.257812
821.340368	19.218750
828.070045	19.164062
835.463943	19.164062
842.199501	19.156250
848.999411	19.242188
856.329376	19.203125
863.133825	19.484375
870.459649	19.515625
877.268488	19.976562
884.137998	20.429688
891.403388	20.398438
898.276127	20.585938
905.538514	20.453125
912.414380	20.734375
919.347595	21.093750
926.552751	21.187500
933.488082	21.273438
940.691235	21.421875
947.628619	21.359375
954.620343	21.242188
961.769203	21.359375
968.762097	21.414062
975.909832	21.632812
982.903861	21.718750
989.949494	21.687500
997.045636	21.718750
1004.091629	21.710938
1011.187421	21.695312
1018.233765	21.757812
1025.329215	21.765625
1032.375901	21.664062
1039.471019	21.632812
1046.518036	21.351562
1053.612832	21.390625
1060.754448	21.789062
1067.754653	21.296875
1074.895344	20.539062
1081.896483	20.109375
1089.036271	21.117188
1096.220781	21.554688
1103.177230	21.554688
1110.360302	21.328125
1117.318218	21.335938
1124.499889	20.960938
1131.724348	20.726562
1138.639539	20.906250
1145.862121	20.820312
1152.779250	21.023438
1160.000000	20.648438
1167.261753	20.507812
1174.137982	20.781250
1181.397478	20.726562
1188.276062	21.031250
1195.533354	20.953125
1202.829996	20.929688
1209.669376	21.117188
1216.963434	21.195312
1223.805540	21.484375
1231.097072	21.578125
1238.426421	21.601562
1245.230902	21.757812
1252.557384	21.679688
1259.364919	21.445312
1266.688596	21.679688
1274.048665	22.007812
1280.820050	21.960938
1288.177006	22.171875
1295.569373	22.140625
1302.305648	22.015625
1309.694621	21.937500
1316.434579	21.992188
1323.820229	21.820312
1331.240023	21.820312
1337.946187	22.015625
1345.362405	22.015625
1352.072483	22.101562
1359.485197	22.101562
1366.930869	22.531250
1373.608387	25.171875
1381.050325	26.695312
1387.731963	27.062500
1395.170241	27.414062
1402.640367	26.984375
1409.290602	27.031250
1416.756860	27.195312
1423.411395	27.234375
1430.873859	28.039062
1438.367130	30.203125
1444.991349	30.203125
1452.480637	30.203125
1459.109317	30.203125
1466.594695	30.203125
1474.109901	31.437500
1480.709289	31.898438
1488.220414	31.898438
1494.824404	31.898438
1502.331521	31.898438
1509.867544	32.398438
1516.443207	32.398438
1523.975065	32.398438
1530.555455	32.468750
1538.083223	32.468750
1545.639026	32.468750
1552.191998	32.468750
1559.743569	32.468750
1566.301376	32.468750
1573.848786	32.468750
1581.423409	32.296875
1587.954659	32.617188
1595.524992	32.617188
1602.061172	32.617188
1609.627286	32.617188
1617.219837	31.742188
1623.730273	31.742188
1631.318485	31.742188
1637.833935	33.140625
1645.417880	33.140625
1653.027525	32.507812
1660.662518	32.507812
1668.322511	32.507812
1676.007160	33.242188
1683.716128	33.242188
1691.449083	33.242188
1699.205697	33.203125
1706.985647	33.203125
1714.788617	33.203125
1722.614292	33.203125
1730.462366	33.203125
1738.332534	33.203125
1746.224499	35.296875
1754.137965	35.296875
1762.072643	35.296875
1770.028248	37.132812
1778.004499	37.132812
1786.001120	37.132812
1794.017837	36.976562
1802.054383	36.976562
1810.110494	36.976562
1818.185909	37.296875
1826.280373	37.296875
1834.393633	37.296875
1840.244549	37.296875
1848.350616	36.562500
1856.475155	36.562500
1864.617923	36.562500
1872.778684	36.570312
1880.957203	36.570312
1889.153249	36.570312
1897.366596	36.570312
1905.597019	36.570312
1913.844299	36.570312
1922.108218	37.601562
1930.388562	37.601562
1938.685121	37.601562
1946.997689	39.640625
1955.326060	39.640625
1963.670033	39.640625
1972.029412	37.820312
1980.403999	37.820312
1988.793604	37.820312
1997.198037	36.953125
2005.617112	36.953125
2014.050645	36.953125
2022.498455	36.929688
2030.960364	36.929688
2039.436197	36.929688
2047.925780	35.242188
2056.428944	35.242188
2064.945520	35.242188
2073.475343	33.421875
2082.018252	33.421875
2090.574084	33.421875
2099.142682	31.281250
2107.723891	31.281250
2116.317557	31.281250
2124.923528	32.890625
2133.541656	32.890625
2142.171795	32.890625
2150.813799	33.656250
2159.467527	33.656250
2168.132837	33.656250
2176.809592	33.812500
2185.497655	33.812500
2194.196892	33.812500
2199.136194	33.812500
2207.826986	33.812500
2216.528818	33.812500
2225.241560	33.320312
2233.965085	33.320312
2242.699267	33.320312
2251.443981	31.710938
2260.199106	31.710938
2268.964522	31.710938
2277.740108	29.718750
2286.525749	29.718750
2295.321328	29.718750
2304.126733	29.851562
2312.941850	29.851562
2321.766569	29.851562
2330.600781	29.281250
2339.444378	29.281250
2348.297255	29.281250
2357.159307	29.179688
2366.030431	29.179688
2374.910525	29.179688
2383.799488	29.562500
2392.697223	29.562500
2401.603631	29.562500
2410.518616	30.789062
2419.442084	30.789062
2428.373942	30.789062
2437.314095	30.937500
2446.262455	30.937500
2455.218931	30.937500
2464.183435	31.546875
2473.155879	31.546875
2482.136177	31.546875
2491.124244	31.609375
2500.119997	31.609375
2509.123353	31.609375
2518.134230	32.789062
2527.152548	32.789062
2536.178227	32.789062
2545.211190	34.546875
2554.251358	34.546875
2563.298656	34.546875
2572.353008	35.367188
2576.606295	36.968750
2585.652722	36.968750
2594.706149	36.968750
2603.766503	36.531250
2612.833711	36.531250
2621.907702	36.531250
2626.118809	36.531250
2635.185003	36.218750
2644.257930	36.218750
2648.471257	36.882812
2657.536453	36.882812
2666.608333	38.203125
2670.823843	38.203125
2679.888057	38.203125
2688.958906	38.203125
2693.176563	38.203125
2702.239812	38.679688
2711.309647	38.679688
2715.529414	39.406250
2724.591713	39.406250
2733.660550	39.359375
2737.882393	39.359375
2746.943756	39.359375
2756.011611	39.359375
2760.235497	39.359375
2769.295939	39.562500
2778.362827	39.562500
2782.588723	40.546875
2791.648259	40.546875
2800.714195	40.289062
2804.942067	40.289062
2814.000711	40.289062
2823.065709	40.289062
2827.295528	40.289062
2836.353293	40.531250
2845.417368	40.531250
2849.649101	41.710938
2858.706001	41.710938
2867.769168	41.023438
2872.002786	41.023438
2881.058833	41.023438
2890.121105	41.023438
2894.356578	41.023438
2903.411786	41.781250
2912.473176	41.781250
2916.710476	40.789062
2925.764857	40.789062
2934.825378	37.500000
2939.064477	37.500000
2948.118044	37.500000
2957.177709	37.500000
2961.418579	37.500000
2970.471343	36.429688
2979.530164	36.429688
2983.772780	34.078125
2992.824753	34.078125
3001.882743	33.367188
3006.127076	33.367188
3015.178270	33.367188
3024.235441	33.367188
3028.481468	33.367188
3037.531893	33.523438
3046.588256	33.523438
3050.835951	31.992188
3059.885619	31.992188
3068.941185	29.968750
3073.190525	29.968750
3082.239446	29.968750
3091.294227	29.968750
3095.545186	29.968750
3104.593371	29.531250
3113.647379	29.531250
3117.899934	30.609375
3126.947393	30.609375
3136.000638	30.242188
3140.254767	30.242188
3149.301510	30.242188
3158.354002	30.242188
3162.609682	30.242188
3171.655719	30.148438
3180.707468	30.148438
3184.964678	30.656250
3194.010019	30.656250
3203.061036	30.570312
3207.319753	30.570312
3216.364407	30.570312
3225.414702	30.570312
3229.674906	30.570312
3238.718883	29.898438
3247.768465	29.898438
3252.030135	31.343750
3261.073443	31.343750
3270.122322	29.531250
3279.176726	29.531250
3283.428087	29.531250
3292.476272	29.531250
3301.529948	29.132812
3305.782812	29.132812
3314.830312	29.132812
3323.883271	29.132812
3328.137617	28.992188
3337.184442	29.437500
3346.236692	29.437500
3350.492501	29.437500
3359.538659	29.437500
3368.590210	29.726562
3372.847462	29.726562
3381.892961	29.726562
3390.943821	29.726562
3395.202498	30.539062
3404.247347	30.296875
3413.297526	30.296875
3417.557607	30.296875
3426.601815	30.296875
3435.651321	30.046875
3439.912790	30.046875
3448.956364	30.046875
3458.005205	30.046875
3462.268043	30.757812
3471.310992	30.109375
3480.359177	30.109375
3484.623366	30.109375
3493.665697	30.109375
3502.713234	30.109375
3506.978757	30.109375
3516.020478	30.109375
3525.067375	30.109375
3529.334215	30.226562
3538.375333	30.210938
3547.421599	30.210938
3551.689739	30.210938
3560.730262	30.210938
3569.775903	29.828125
3574.045327	29.828125
3583.085263	29.828125
3592.130287	29.828125
3596.400979	30.406250
3605.440334	29.398438
3614.484749	29.398438
3618.756693	29.398438
3627.795474	29.398438
3636.839287	29.328125
3641.112467	29.328125
3650.150682	29.328125
3659.193900	29.328125
3663.468302	29.250000
3672.505956	29.476562
3681.548587	29.476562
3685.824195	29.476562
3694.861296	29.476562
3703.903346	29.820312
3708.180147	29.820312
3717.216701	29.820312
3726.258177	29.820312
3730.536154	29.750000
3739.572168	30.007812
3748.613077	30.007812
3752.892218	30.007812
3761.927697	30.007812
3770.968045	29.710938
3775.248336	29.710938
3784.283287	29.710938
3793.323081	29.710938
3797.604508	30.953125
3806.638937	30.781250
3815.678183	30.781250
3819.960733	30.781250
3828.994646	30.781250
3838.033351	29.500000
3842.317009	29.500000
3851.350413	29.500000
3860.388581	29.500000
3864.673337	30.273438
3873.706236	29.671875
3882.743875	29.671875
3887.029714	29.671875
3896.062114	29.671875
3905.099230	29.906250
3909.386141	29.906250
3918.418048	29.906250
3927.454646	29.906250
3931.742616	30.250000
3940.774036	30.671875
3949.810122	30.671875
3954.099139	30.671875
3963.130076	30.671875
3972.165656	30.921875
3976.455708	30.921875
3985.486169	30.921875
3994.521248	30.328125
3998.812324	29.812500
4007.842312	29.812500
4016.876896	29.812500
4021.168984	29.812500
4030.198506	30.343750
4039.232600	30.343750
4043.525689	30.343750
4052.554750	30.343750
4061.588359	30.476562
4065.882438	30.281250
4074.911042	30.281250
4083.944172	30.281250
4088.239230	30.281250
4097.267382	30.343750
4106.300038	30.343750
4110.596064	30.343750
4119.623769	30.343750
4128.655956	30.789062
4132.952939	30.796875
4141.980203	30.796875
4151.011925	30.796875
4155.309856	30.796875
4164.336682	31.382812
4173.367944	31.382812
4177.666813	31.382812
4186.693206	31.382812
4195.724014	31.390625
4200.023809	30.703125
4209.049774	30.703125
4218.080132	30.703125
4222.380845	30.703125
4231.406386	30.656250
4240.436298	30.656250
4244.737919	30.656250
4253.763040	30.656250
4262.792512	30.250000
4267.095031	30.453125
4276.119736	30.453125
4285.148772	30.453125
4289.452179	30.453125
4298.476474	31.046875
4307.505078	31.046875
4311.809365	31.046875
4320.833253	31.046875
4329.861430	31.132812
4334.166587	30.656250
4343.190072	30.656250
4352.217825	30.656250
4356.523844	30.656250
4365.546930	30.539062
4374.574265	30.539062
4378.881136	30.539062
4387.903828	30.539062
4396.930748	30.960938
4401.238462	31.281250
4410.260763	31.281250
4419.287273	31.281250
4423.595822	31.281250
4432.617737	30.921875
4441.643840	30.921875
4445.953216	30.921875
4454.974747	30.921875
4464.000448	30.812500
4468.310643	30.820312
4477.331795	30.820312
4486.357097	30.820312
4490.668102	30.820312
4499.688878	31.156250
4508.713786	31.156250
4513.025593	31.156250
4522.045997	31.156250
4531.070514	30.492188
4540.099118	30.492188
4544.403151	31.000000
4553.427281	31.000000
4562.455479	30.593750
4566.760340	30.593750
4575.784086	30.593750
4584.811883	30.593750
4589.117562	30.593750
4598.140929	30.632812
4607.168328	30.632812
4611.474818	30.789062
4620.497809	30.789062
4629.524814	31.867188
4633.832107	31.867188
4642.854725	31.867188
4651.881340	31.867188
4656.189429	31.867188
4665.211678	30.851562
4674.237906	30.851562
4678.546783	31.351562
4687.568666	31.351562
4696.594511	31.359375
4700.904168	31.359375
4709.925689	31.359375
4718.951155	31.359375
4723.261585	31.359375
4732.282747	31.570312
4741.307836	31.570312
4745.619032	31.812500
4754.639839	31.812500
4763.664556	32.023438
4767.976510	32.023438
4776.996965	32.023438
4786.021312	32.023438
4790.334018	31.921875
4799.354123	32.257812
4808.378105	32.257812
4812.691555	32.257812
4821.711314	32.257812
4830.734934	33.468750
4835.049121	33.468750
4844.068538	33.468750
4853.091798	33.468750
4857.406716	33.203125
4866.425793	32.867188
4875.448697	32.867188
4879.764339	32.867188
4888.783080	32.867188
4897.805631	31.632812
4902.121990	31.632812
4911.140397	31.632812
4920.162599	31.632812
4924.479668	31.757812
4933.497745	32.000000
4942.519600	32.000000
4946.837374	32.000000
4955.855123	32.000000
4964.876635	31.953125
4969.195106	31.953125
4978.212531	31.953125
4987.233702	31.953125
4991.552865	32.679688
5000.569968	32.250000
5009.590802	32.250000
5013.910649	32.250000
5022.927433	32.250000
5031.947933	31.921875
5036.268460	31.921875
5045.284928	31.921875
5054.305096	31.921875
5058.626296	31.953125
5067.642450	32.726562
5076.662289	32.726562
5080.984157	32.726562
5090.000000	32.726562
5099.019514	33.156250
5103.342042	33.156250
5112.357577	33.156250
5121.376768	33.156250
5125.699952	32.812500
5134.715182	33.820312
5143.734052	33.656250
5148.057886	33.328125
5157.072813	33.757812
5166.091366	33.460938
5170.415844	33.460938
5179.430471	33.460938
5188.448708	33.460938
5192.773825	33.593750
5201.788154	32.148438
5210.806080	32.148438
5215.131830	32.148438
5224.145863	32.148438
5233.163479	31.867188
5237.489857	31.867188
5246.503598	31.867188
5255.520907	31.867188
5259.847907	32.398438
5268.861357	32.289062
5277.878362	32.062500
5282.205979	32.062500
5291.219141	31.898438
5300.235844	31.648438
5304.564073	31.484375
5313.576950	31.156250
5322.593353	31.554688
5326.922188	31.757812
5335.934782	32.679688
5344.950888	32.867188
5349.280325	32.867188
5358.292639	32.867188
5367.308450	32.609375
5371.638484	32.609375
5380.650518	32.609375
5389.666038	32.609375
5393.996663	32.992188
5403.008421	32.218750
5412.023651	32.218750
5416.354863	32.218750
5425.366347	32.218750
5434.381290	32.429688
5438.713083	32.429688
5447.724296	32.429688
5456.738953	32.429688
5461.071323	32.210938
5470.082266	32.500000
5479.096641	32.500000
5483.429584	32.500000
5492.440259	32.500000
5501.454353	32.578125
5505.787864	32.578125
5514.798274	32.375000
5523.812089	32.156250
5528.146163	32.554688
5537.156310	32.843750
5546.169850	32.843750
5550.504482	32.843750
5559.514367	32.843750
5568.527633	33.078125
5572.862819	33.078125
5581.872446	33.078125
5590.885440	33.078125
5595.221175	33.242188
5604.230545	32.718750
5613.243269	32.718750
5617.579550	32.718750
5626.588665	32.718750
5635.601121	32.703125
5639.937943	32.703125
5648.946804	32.703125
5657.958996	32.703125
5662.296354	32.742188
5671.304964	32.578125
5680.316893	32.578125
5684.654783	32.578125
5693.663144	32.578125
5702.674811	32.539062
5707.013229	32.539062
5716.021344	32.539062
5725.032751	32.539062
5729.371693	32.750000
5738.379562	32.468750
5747.390712	32.468750
5751.730174	32.468750
5760.737800	32.468750
5769.748695	32.742188
5774.088673	32.289062
5783.096057	32.289062
5792.106698	32.250000
5801.120581	32.000000
5805.454332	32.070312
5814.464722	32.070312
5823.478342	32.070312
5827.812626	32.070312
5836.822766	32.000000
5845.836125	32.000000
5850.170938	32.000000
5859.180830	32.000000
5868.193930	32.234375
5872.529268	32.156250
5881.538914	32.484375
5890.551757	32.804688
5894.887616	32.804688
5903.897018	33.132812
5912.909605	33.437500
5917.245981	33.687500
5926.255141	33.609375
5935.267475	33.609375
5939.604364	33.617188
5948.613284	33.617188
5957.625366	33.296875
5961.962764	33.296875
5970.971445	33.296875
5979.983278	33.296875
5984.321181	33.296875
5993.329626	34.132812
6002.341210	33.742188
6006.679615	34.000000
6015.687824	34.000000
6024.699163	34.000000
6029.038066	34.000000
6038.046042	34.046875
6047.057135	34.367188
6051.396533	34.460938
6060.404277	35.117188
6069.415128	35.296875
6073.755016	34.882812
6082.762530	34.882812
6091.773141	33.843750
6096.113516	33.843750
6105.120801	33.843750
6114.131173	33.843750
6118.472031	33.843750
6127.479090	33.007812
6136.489224	33.007812
6140.830563	33.820312
6149.837396	33.820312
6158.847295	34.296875
6163.189110	34.296875
6172.195720	34.296875
6181.205384	34.296875
6185.547672	34.039062
6194.554060	33.718750
6203.563492	33.390625
6207.906249	33.062500
6216.912417	32.734375
6225.921619	32.414062
6230.264842	31.921875
6239.270791	31.718750
6248.279763	31.671875
6252.623449	31.343750
6261.629181	31.343750
6270.637926	31.343750
6274.982072	31.023438
6283.987588	31.234375
6292.996107	31.562500
6297.340709	31.843750
6306.346010	32.171875
6315.354305	32.500000
6319.699360	32.828125
6328.704449	33.148438
6337.712521	33.476562
6342.058026	33.609375
6351.062903	33.609375
6360.070754	33.484375
6364.416705	33.500000
6373.421373	33.179688
6382.429005	32.921875
6386.775399	32.921875
6395.779859	32.804688
6404.787272	32.710938
6409.134107	32.968750
6418.138359	32.968750
6427.145556	32.968750
6431.492828	33.257812
6440.496875	33.257812
6449.503857	33.210938
6453.851563	33.531250
6462.855406	33.367188
6471.862174	33.125000
6476.210312	33.203125
6485.213952	32.960938
6494.220507	32.953125
6498.569073	33.476562
6507.572512	33.476562
6516.578857	33.718750
6520.927848	34.242188
6529.931087	34.695312
6538.937223	34.695312
6543.286636	35.671875
6552.289676	35.687500
6561.295604	35.726562
6565.645437	36.000000
6574.648280	36.000000
6583.654001	35.750000
6588.004250	35.429688
6597.006897	34.773438
6606.012413	34.125000
6610.363076	33.796875
6619.365529	33.148438
6628.370841	32.492188
6632.721915	32.656250
6641.724174	32.000000
6650.729283	31.429688
6655.080766	32.085938
6664.082833	31.890625
6673.087741	31.710938
6677.439629	32.148438
6686.441505	31.875000
6695.446214	32.000000
6699.798504	32.343750
6708.800191	32.343750
6717.804701	32.343750
6722.157392	32.992188
6731.158890	33.250000
6740.163203	33.578125
6744.516291	33.820312
6753.517602	33.906250
6762.521719	34.140625
6766.875202	34.304688
6775.876327	34.632812
6784.880249	34.937500
6789.234125	34.937500
6798.235065	34.898438
6807.238794	34.710938
6811.593059	34.898438
6820.593816	34.875000
6829.597353	34.710938
6833.952005	34.812500
6842.952579	34.492188
6851.955925	34.164062
6856.310961	34.164062
6865.311355	33.835938
6874.314511	33.507812
6878.669930	33.507812
6887.670143	33.187500
6896.673111	32.929688
6901.028909	32.914062
6910.028943	32.585938
6919.031724	32.257812
6923.387899	32.312500
6932.387756	32.000000
6941.390351	32.000000
6945.746900	32.000000
6954.746581	32.000000
6963.748990	32.000000
6968.105912	32.039062
6977.105417	32.039062
6986.107643	32.039062
6990.464934	32.125000
6999.464265	31.921875
7008.466309	31.601562
7012.823968	31.601562
7021.823125	31.273438
7030.824987	31.000000
7039.829543	31.000000
7044.181997	31.031250
7053.183678	31.031250
7062.188046	31.015625
7066.540879	31.015625
7075.542382	31.179688
7084.546563	31.453125
7088.899774	31.140625
7097.901098	31.289062
7106.905093	31.476562
7111.258679	31.312500
7120.259827	31.640625
7129.263637	31.953125
7133.617596	31.625000
7142.618567	31.476562
7151.622194	31.179688
7155.976523	31.156250
7164.977320	31.015625
7173.980764	31.000000
7178.335462	31.000000
7187.336085	31.000000
7196.339347	31.000000
7200.694411	31.000000
7209.694862	31.132812
7218.697944	31.171875
7223.053371	31.429688
7232.053650	31.625000
7241.056553	32.156250
7245.412342	32.484375
7254.412450	33.132812
7263.415175	33.789062
7267.771323	33.843750
7276.771262	33.890625
7285.773809	33.843750
7290.130314	33.625000
7299.130085	33.414062
7308.132456	33.156250
7312.489316	32.828125
7321.488920	32.500000
7330.491116	32.171875
7334.848328	32.148438
7343.847765	32.179688
7352.849788	32.507812
7357.207351	32.507812
7366.206622	32.828125
7375.208472	33.156250
7379.566383	33.156250
7388.565490	33.484375
7397.567168	33.804688
7401.925425	33.625000
7410.924369	33.656250
7419.925876	33.406250
7424.284477	33.195312
7433.283258	33.109375
7442.284595	32.945312
7446.643539	32.960938
7455.642159	32.960938
7464.643327	32.960938
7469.002611	33.132812
7478.001070	33.210938
7487.002070	33.125000
7491.361692	33.375000
7500.359991	33.132812
7509.360825	32.929688
7513.720783	32.929688
7522.718923	32.609375
7531.719591	32.281250
7536.079883	32.281250
7545.077866	32.070312
7554.078369	32.484375
7558.438992	32.554688
7567.436818	33.101562
7576.437157	33.593750
7580.798111	33.859375
7589.795781	33.859375
7598.795957	34.132812
7603.157239	34.140625
7612.154754	34.140625
7621.154768	34.140625
7625.516376	34.140625
7634.513737	34.132812
7643.513590	34.132812
7647.875522	34.132812
7656.872730	34.132812
7665.872423	34.296875
7670.234677	34.000000
7679.231732	34.000000
7688.231266	33.812500
7692.593841	33.859375
7701.590745	33.710938
7710.590120	33.546875
7714.953013	33.843750
7723.949767	33.843750
7732.948985	33.648438
7737.312195	33.820312
7746.308798	33.820312
7755.307860	33.820312
7759.671385	33.820312
7768.667839	33.718750
7777.666745	33.718750
7782.030583	33.718750
7791.026890	33.718750
7800.025641	33.460938
7804.389790	33.531250
7813.385950	33.210938
7822.384547	33.382812
7826.749006	33.664062
7835.745019	34.039062
7844.743463	34.375000
7849.108230	34.046875
7858.104097	34.289062
7867.102389	34.601562
7871.467462	34.375000
7880.463184	34.703125
7889.461325	34.734375
7893.826702	34.406250
7902.822281	34.078125
7911.820271	33.750000
7916.185950	33.429688
7925.181386	33.039062
7934.179227	32.664062
7938.545207	32.789062
7947.540500	32.468750
7956.538192	32.242188
7960.904471	33.218750
7969.899623	33.062500
7978.897167	32.968750
7983.263744	33.625000
7992.258755	33.414062
8001.256151	33.093750
8005.623024	33.554688
8014.617895	33.226562
8023.615145	32.867188
8027.982312	32.539062
8036.977044	32.210938
8045.974149	31.882812
8050.341608	31.562500
8059.336201	31.343750
8068.333161	32.000000
8072.700911	31.726562
8081.695367	32.375000
8090.692183	33.007812
8095.060222	33.007812
8104.054541	33.171875
8113.051214	33.453125
8117.419541	33.148438
8126.413723	33.289062
8135.410254	33.617188
8139.778867	33.335938
8148.772914	33.664062
8157.769303	33.984375
8162.138200	34.062500
8171.132113	34.062500
8180.128361	34.062500
8184.497541	34.062500
8193.491319	33.750000
8202.487428	33.750000
8206.856889	34.671875
8215.850534	34.398438
8224.846503	33.898438
8229.216245	33.898438
8238.209757	33.625000
8247.205587	33.007812
8251.575607	33.250000
8260.568988	32.804688
8269.564680	32.664062
8273.934977	32.773438
8282.928226	32.445312
8291.923782	32.117188
8300.921636	32.218750
8305.287472	32.000000
8314.282892	32.375000
8323.280603	32.789062
8327.646726	32.789062
8336.642010	33.093750
8345.639580	33.179688
8350.005988	33.015625
8359.001136	33.015625
8367.998566	33.039062
8372.365257	33.000000
8381.360271	33.000000
8390.357561	33.000000
8394.724534	33.000000
8403.719415	33.070312
8412.716565	33.195312
8417.083818	33.031250
8426.078566	33.031250
8435.075578	33.148438
8439.443110	33.117188
8448.437725	33.445312
8457.434599	33.773438
8461.802408	33.773438
8470.796893	33.953125
8479.793630	33.781250
8484.161715	33.617188
8493.156068	33.289062
8502.152669	33.156250
8506.521028	33.281250
8515.515252	33.523438
8524.511716	33.851562
8528.880349	33.859375
8537.874443	34.023438
8546.870772	34.039062
8551.239676	34.054688
8560.233642	33.742188
8569.229837	33.742188
8573.599011	33.742188
8582.592848	33.742188
8591.588910	33.929688
8595.958353	33.929688
8604.952063	33.929688
8613.947991	33.929688
8618.317701	33.976562
8627.311285	33.679688
8636.307081	33.140625
8640.677057	33.031250
8649.670514	32.476562
8658.666179	31.828125
8663.036419	32.070312
8672.029751	31.585938
8681.025285	31.531250
8685.395788	31.851562
8694.388995	31.851562
8703.384399	31.851562
8707.755164	32.179688
8716.748247	32.445312
8725.743521	32.773438
8730.114547	33.101562
8739.107506	33.421875
8748.102651	33.625000
8752.473936	33.914062
8761.466772	33.914062
8770.461789	33.945312
8774.833332	33.789062
8783.826046	34.062500
8792.820935	33.882812
8797.192734	33.882812
8806.185326	33.882812
8815.180089	33.882812
8819.552143	34.171875
8828.544614	34.359375
8837.539250	34.359375
8841.911558	34.359375
8850.903909	34.359375
8859.898419	34.093750
8864.270980	34.093750
8873.263210	34.093750
8882.257596	34.093750
8886.630408	34.257812
8895.622519	34.281250
8904.616780	34.281250
8908.989842	34.281250
8917.981834	34.281250
8926.975972	34.429688
8931.349282	34.101562
8940.341157	33.773438
8949.335171	33.507812
8953.708729	33.179688
8962.700486	33.117188
8971.694377	33.117188
8976.068182	33.093750
8985.059822	33.226562
8994.053591	33.875000
8998.427640	34.039062
9007.419164	34.578125
9016.412812	34.578125
9020.787105	34.507812
9029.778513	34.390625
9038.772040	34.390625
9043.146576	34.390625
9052.137869	34.390625
9061.131276	34.226562
9065.506053	34.070312
9074.497231	33.367188
9083.490519	32.585938
9087.865536	32.257812
9096.856600	31.929688
9105.849768	31.601562
9110.225025	31.375000
9119.215975	31.046875
9128.209025	31.046875
9132.584519	31.375000
9141.575357	31.375000
9150.568288	31.375000
9154.944019	31.695312
9163.934744	31.695312
9172.927559	31.695312
9177.303526	32.046875
9186.294139	32.046875
9195.286836	32.039062
9199.663037	32.562500
9208.653539	32.523438
9217.646120	32.382812
9222.022555	32.710938
9231.012946	32.546875
9240.005411	32.250000
9244.382078	32.414062
9253.372358	32.093750
9262.364709	32.000000
9266.741606	32.328125
9275.731777	32.328125
9284.724013	32.328125
9289.101141	32.656250
9298.091202	32.976562
9307.083324	33.367188
9311.460680	33.531250
9320.450633	33.859375
9329.442641	34.000000
9333.820225	33.695312
9342.810070	33.695312
9351.801965	33.695312
9356.179776	33.367188
9365.169513	33.281250
9374.161296	33.054688
9378.539332	32.570312
9387.528961	32.242188
9396.520633	32.210938
9400.898893	31.867188
9409.888416	32.187500
9418.879976	32.515625
9423.258460	32.187500
9432.247876	32.640625
9441.239325	33.296875
9445.618032	32.968750
9454.607342	33.625000
9463.598681	34.218750
9467.977609	33.945312
9476.966814	34.312500
9485.958043	34.312500
9490.337191	34.312500
9499.326292	34.710938
9508.317412	34.710938
9512.696779	34.710938
9521.685775	34.710938
9530.676786	34.726562
9539.669806	34.726562
9544.045264	34.148438
9553.036167	34.148438
9562.029073	35.328125
9566.404758	35.328125
9575.395553	35.328125
9584.388348	35.328125
9588.764258	35.328125
9597.754946	34.726562
9606.747629	34.726562
9611.123764	35.046875
9620.114344	35.046875
9629.106916	34.890625
9633.483274	34.890625
9642.473749	34.890625
9651.466210	34.890625
9655.842791	34.890625
9664.833159	34.148438
9673.825510	34.148438
9678.202312	34.750000
9687.192576	34.750000
9696.184817	34.312500
9700.561839	34.312500
9709.551998	34.312500
9718.544130	34.312500
9722.921372	34.312500
9731.911426	34.546875
9740.903449	34.546875
9745.280909	34.320312
9754.270859	34.320312
9763.262774	34.367188
9767.640452	34.367188
9776.630299	34.367188
9785.622106	34.367188
9790.000000	34.367188
9798.989744	34.671875
9807.981444	34.671875
9812.359553	35.250000
9821.349194	35.320312
9830.340788	35.320312
9834.719111	35.320312
9843.708651	35.320312
9852.700138	35.632812
9857.078675	35.632812
9866.068112	35.632812
9875.059493	35.632812
9879.438243	34.398438
9888.427580	35.382812
9897.418855	35.054688
9901.797817	34.734375
9910.787052	34.617188
9919.778223	34.773438
9924.157395	34.578125
9933.146531	34.898438
9942.137597	35.117188
9946.516978	35.117188
9955.506014	35.445312
9964.496977	35.476562
9968.876567	35.476562
9977.865503	35.476562
9986.856362	35.312500
9991.236160	35.312500
10000.224997	35.312500
10009.215753	35.312500
10013.595758	35.226562
10022.584497	34.703125
10031.575150	34.703125
10035.955361	34.703125
10044.944002	34.562500
10053.934553	34.398438
10058.314968	34.132812
10067.303512	34.132812
10076.293962	33.984375
10080.674581	33.953125
10089.663027	33.968750
10098.653376	33.968750
10103.034198	33.843750
10112.022547	34.000000
10121.012795	34.000000
10125.393820	34.000000
10134.382073	34.000000
10143.372220	34.000000
10147.753446	34.000000
10156.741603	34.312500
10165.731651	34.453125
10170.113077	34.453125
10179.101139	34.453125
10188.091087	34.070312
10192.472713	34.070312
10201.460680	34.070312
10210.450529	34.070312
10214.832353	35.109375
10223.820225	35.726562
10232.809976	35.726562
10237.191998	35.726562
10246.179776	35.726562
10255.169428	35.828125
10259.551647	35.828125
10268.539331	35.828125
10277.528886	35.820312
10281.911301	35.468750
10290.898892	35.437500
10299.888349	35.437500
10304.270959	35.437500
10313.258457	35.437500
10322.247817	35.250000
10326.630622	35.250000
10335.618027	35.250000
10344.607291	35.250000
10348.990289	34.992188
10357.977602	35.328125
10366.966770	35.328125
10371.349960	35.328125
10380.337181	35.328125
10389.326253	35.281250
10393.709636	35.281250
10402.696766	35.281250
10411.685742	35.281250
10416.069316	34.093750
10425.056355	34.710938
10434.045237	34.710938
10438.429001	34.710938
10447.415948	34.710938
10456.404736	35.843750
10460.788689	35.843750
10469.775547	35.843750
10478.764240	35.843750
10483.148382	34.218750
10492.135150	35.828125
10501.123749	35.828125
10505.508079	35.828125
10514.494757	35.828125
10523.483264	35.382812
10527.867780	35.382812
10536.854369	35.382812
10545.842783	35.382812
10550.227486	34.750000
10559.213986	37.367188
10568.202307	37.367188
10572.587195	37.367188
10581.573607	37.367188
10590.561836	38.632812
10594.946909	38.632812
10603.933233	38.632812
10612.921370	38.632812
10617.306626	36.890625
10626.292863	37.828125
10635.280908	37.828125
10639.666348	37.828125
10648.652497	37.828125
10657.640452	36.710938
10662.026074	36.710938
10671.012136	36.710938
10680.000000	36.710938
10684.385804	36.679688
10693.371779	35.117188
10702.359553	35.117188
10706.745537	35.117188
10715.731426	35.117188
10724.719111	33.921875
10729.105275	33.921875
10738.091078	33.921875
10747.078673	33.921875
10751.465016	34.937500
10760.450734	34.492188
10769.438240	34.492188
10773.824762	34.492188
10782.810394	34.492188
10791.797811	34.617188
10800.787008	34.617188
10805.170059	34.617188
10814.157387	34.617188
10823.146493	34.101562
10827.529728	33.796875
10836.516968	33.796875
10845.505982	33.796875
10849.889400	33.796875
10858.876553	34.117188
10867.865476	34.117188
10872.249077	34.117188
10881.236143	34.117188
10890.224975	33.960938
10894.608758	35.382812
10903.595737	35.382812
10912.584478	35.039062
10916.968444	34.406250
10925.955336	33.851562
10934.943987	33.687500
10939.328133	33.367188
10948.314939	32.875000
10957.303500	32.335938
10961.687826	32.335938
10970.674546	31.945312
10979.663019	31.882812
10984.047524	32.046875
10993.034158	32.046875
11002.022541	31.960938
11006.407225	31.960938
11015.393774	31.796875
11024.382069	31.554688
11028.766930	31.875000
11037.753395	31.812500
11046.741601	32.132812
11051.126639	32.382812
11060.113019	32.710938
11069.101138	33.093750
11073.486353	33.093750
11082.472648	33.906250
11091.460679	34.218750
11095.846070	34.101562
11104.832281	34.210938
11113.820225	34.210938
11118.205791	34.210938
11127.191919	34.179688
11136.179776	34.179688
11140.565515	34.179688
11149.551560	34.179688
11158.539331	35.593750
11162.925244	34.796875
11171.911206	34.796875
11180.898891	34.796875
11185.284976	34.796875
11194.270856	36.117188
11203.258455	36.117188
11207.644712	36.117188
11216.630510	36.117188
11225.618023	38.453125
11230.004452	38.328125
11238.990168	38.328125
11247.977596	38.328125
11252.364196	38.328125
11261.349830	36.851562
11270.337173	36.851562
11274.723943	36.851562
11283.709496	36.851562
11292.696755	39.250000
11297.083694	38.898438
