0.000000	58.039062
10.000000	58.039062
10.000000	57.546875
14.142136	57.546875
22.360680	57.546875
28.284271	57.070312
36.055513	57.070312
42.426407	56.664062
50.000000	54.585938
56.568542	47.812500
64.031242	41.054688
72.111026	41.085938
78.102497	41.085938
86.023253	41.117188
94.339811	41.148438
100.000000	41.148438
108.166538	41.179688
116.619038	41.304688
122.065556	42.218750
130.384048	43.554688
138.924440	41.671875
144.222051	40.734375
152.643375	40.437500
161.245155	40.671875
166.433170	40.695312
174.928557	40.679688
183.575598	40.625000
188.679623	40.507812
197.230829	40.390625
205.912603	40.398438
214.709106	40.382812
219.544984	40.453125
228.254244	40.726562
237.065392	40.687500
241.867732	40.679688
250.599282	40.679688
259.422435	40.632812
264.196896	40.625000
272.946881	40.617188
281.780056	40.640625
286.530976	40.656250
295.296461	40.585938
304.138127	40.593750
308.868904	40.546875
317.647603	40.359375
326.496554	40.351562
331.209903	40.429688
340.000000	40.531250
348.855271	40.570312
353.553391	40.679688
362.353419	40.679688
371.214224	40.593750
375.898923	40.640625
384.707681	40.546875
393.573373	40.453125
402.492236	40.359375
407.062649	40.406250
415.932687	40.304688
424.852916	40.195312
429.418211	40.156250
438.292140	40.023438
447.213595	39.937500
451.774280	39.859375
460.651712	39.835938
469.574275	39.765625
474.130784	39.734375
483.011387	39.687500
491.934955	39.585938
496.487663	39.578125
505.371151	39.382812
514.295635	39.210938
518.844871	39.328125
527.730992	39.062500
536.656315	38.835938
541.202365	39.109375
550.090902	38.679688
559.016994	38.539062
563.560112	38.445312
572.450871	38.382812
581.377674	38.328125
585.918083	38.226562
594.810894	38.171875
603.738354	38.109375
612.698947	38.054688
617.170965	37.968750
626.099034	37.937500
635.059052	37.789062
639.531078	37.742188
648.459713	37.648438
657.419197	37.421875
661.891230	37.343750
670.820393	37.070312
679.779376	36.890625
684.251416	36.835938
693.181073	36.562500
702.139587	36.046875
706.611633	36.015625
715.541753	36.093750
724.499827	36.109375
733.484833	36.125000
737.902433	36.343750
746.860094	36.312500
755.843899	36.054688
760.263112	36.070312
769.220385	35.695312
778.203058	35.804688
782.623792	36.234375
791.580697	36.640625
800.562302	36.914062
809.567786	37.046875
813.941030	37.265625
822.921624	37.492188
831.925477	37.515625
836.301381	37.484375
845.281018	37.070312
854.283325	36.304688
858.661749	35.765625
867.640479	34.875000
876.641318	34.578125
885.663593	34.554688
890.000000	33.921875
898.999444	33.546875
908.019824	32.820312
912.359578	31.796875
921.357694	32.195312
930.376268	32.617188
934.719209	31.703125
943.716059	32.398438
952.732911	32.523438
961.769203	32.617188
966.074531	31.960938
975.089739	33.062500
984.123976	33.859375
988.433103	33.156250
997.446740	33.875000
1006.479011	34.781250
1010.791769	34.390625
1019.803903	35.117188
1028.834292	35.984375
1033.150521	35.843750
1042.161216	36.437500
1051.189802	37.070312
1060.235823	37.328125
1064.518671	36.968750
1073.545528	37.140625
1082.589488	37.515625
1086.876258	37.265625
1095.901455	37.906250
1104.943437	38.609375
1109.233970	38.328125
1118.257573	38.875000
1127.297654	39.218750
1136.353818	39.687500
1140.613870	39.390625
1149.652121	39.898438
1158.706175	40.421875
1162.970335	40.335938
1172.006826	40.640625
1181.058847	41.156250
1185.326959	41.312500
1194.361754	41.859375
1203.411816	42.304688
1212.476804	42.468750
1216.716894	42.617188
1225.765067	43.015625
1234.827923	43.406250
1239.072234	43.593750
1248.118584	44.070312
1257.179383	44.460938
1261.427762	44.390625
1270.472353	44.375000
1279.531164	44.343750
1288.603896	44.468750
1292.826361	44.585938
1301.883251	44.632812
1310.953851	44.500000
1315.180596	44.328125
1324.235629	44.125000
1333.304166	44.257812
1337.535046	44.351562
1346.588282	44.203125
1355.654823	43.914062
1364.734406	43.632812
1368.941197	43.484375
1378.005806	42.617188
1387.083271	42.101562
1391.294361	42.250000
1400.357097	42.453125
1409.432510	42.843750
1413.647764	43.109375
1422.708684	43.468750
1431.782106	43.789062
1440.867794	43.890625
1445.060552	43.796875
1454.132044	43.671875
1463.215637	43.382812
1467.412689	43.093750
1476.482306	42.968750
1485.563866	43.132812
1489.765082	43.101562
1498.832879	43.320312
1507.912464	43.437500
1512.117720	43.289062
1521.183750	43.164062
1530.261416	43.046875
1539.350512	43.039062
1543.534904	43.085938
1552.610705	43.039062
1561.697794	42.890625
1565.886330	42.812500
1574.960317	42.757812
1584.045454	42.375000
1588.238017	42.015625
1597.310239	41.585938
1606.393476	41.656250
1615.487543	41.757812
1619.660458	41.718750
1628.741846	41.445312
1637.833935	41.187500
1642.010962	41.117188
1651.090549	40.992188
1660.180713	41.117188
1664.361740	41.218750
1673.439572	41.335938
1682.527860	41.453125
1691.626436	41.718750
1695.788902	41.695312
1704.875362	41.554688
1713.971995	41.882812
1718.138528	42.265625
1727.223205	42.757812
1736.317943	42.960938
1740.488437	42.937500
1749.571376	43.070312
1758.664266	43.578125
1762.838620	43.867188
1771.919863	43.335938
1781.010949	42.687500
1785.189066	42.585938
1794.268653	43.046875
1798.471573	45.070312
1807.539764	46.289062
1816.617736	46.109375
1820.823989	46.062500
1829.890707	45.882812
1834.121043	45.835938
1843.176606	45.656250
1852.241885	45.476562
1856.475155	49.710938
1865.529415	54.992188
1874.593289	54.992188
1878.829423	54.992188
1887.882412	54.992188
1892.141644	54.992188
1901.183842	58.117188
1910.235588	58.117188
1914.497323	58.117188
1923.538406	58.117188
1927.822606	58.117188
1936.853118	59.062500
1945.893111	59.062500
1950.179479	56.921875
1959.209024	56.921875
1963.517252	56.921875
1972.536438	56.460938
1981.565038	56.460938
1985.875122	56.460938
1994.893481	56.460938
2003.921156	55.640625
2008.233054	56.203125
2017.250604	56.203125
2021.583538	56.203125
2030.591047	56.203125
2039.607805	54.171875
2043.942269	54.171875
2052.949098	54.171875
2057.304061	52.648438
2066.301043	52.648438
2075.307206	53.679688
2079.663434	53.679688
2088.659857	53.679688
2093.036072	53.679688
2102.022835	53.679688
2111.018711	54.953125
2115.395944	54.828125
2124.382263	54.828125
2133.377604	54.828125
2137.755833	54.828125
2146.741717	55.570312
2151.139233	55.570312
2160.115738	55.570312
2169.101196	55.570312
2173.499482	56.781250
2182.475659	57.234375
2186.892773	58.117188
2195.859741	58.625000
2204.835595	59.648438
2209.253268	59.648438
2218.220007	60.390625
2227.195546	61.867188
2231.613766	63.492188
2240.580282	64.304688
2245.016704	64.304688
2253.974268	65.882812
2262.940565	65.882812
2267.377340	65.882812
2276.334773	65.882812
2280.789337	62.851562
2289.737976	65.000000
2298.695282	65.000000
2303.150017	65.000000
2312.098614	65.000000
2316.570741	65.000000
2325.510697	67.296875
2334.459252	67.296875
2338.931380	65.406250
2347.871376	65.406250
2356.819891	65.750000
2361.292019	65.750000
2370.232056	65.750000
2374.721036	65.750000
2383.652659	65.750000
2392.592736	62.390625
2397.081559	64.109375
2406.013300	64.109375
2410.518616	64.109375
2419.442084	64.109375
2428.373942	62.437500
2432.878953	62.437500
2441.802613	62.437500
2446.323773	63.140625
2455.239296	63.617188
2464.163144	63.617188
2468.683860	63.617188
2477.599645	63.617188
2486.523678	64.007812
2491.043958	64.007812
2499.960000	64.007812
2504.495957	59.937500
2513.404066	59.937500
2522.320360	59.078125
2526.855754	59.078125
2535.764185	59.078125
2540.314941	59.078125
2549.215566	59.078125
2558.124313	57.101562
2562.674384	55.078125
2571.575393	55.078125
2576.140524	55.078125
2585.033849	55.078125
2593.935234	55.593750
2598.499567	55.593750
2607.393334	55.593750
2616.295090	55.593750
2620.858638	55.929688
2629.752840	56.429688
2634.331035	56.429688
2643.217736	56.429688
2652.112366	56.429688
2656.689669	56.429688
2665.576861	57.351562
2670.168534	57.468750
2679.048338	57.468750
2687.936011	57.468750
2692.526694	57.468750
2701.407041	58.226562
2710.295187	58.226562
2714.884896	58.226562
2723.765776	58.226562
2728.369476	59.390625
2737.243139	58.429688
2746.124542	58.429688
2750.727177	58.429688
2759.601420	58.429688
2764.217792	58.429688
2773.084925	56.953125
2781.959741	56.953125
2786.574959	55.882812
2795.442720	55.882812
2800.071428	55.882812
2808.932181	55.382812
2817.800561	55.382812
2822.428033	55.382812
2831.289459	55.382812
2840.158446	56.437500
2844.784702	58.523438
2853.646790	58.523438
2858.286200	58.523438
2867.141434	58.523438
2876.004172	61.656250
2880.642289	61.656250
2889.498226	61.656250
2894.149271	62.023438
2902.998450	62.023438
2911.855079	62.070312
2916.504757	62.070312
2925.354679	62.070312
2930.017065	62.070312
2938.860323	62.070312
2947.710976	59.421875
2952.371928	59.906250
2961.215966	59.906250
2970.067339	59.906250
2974.726878	59.906250
2983.571685	57.226562
2988.243631	57.226562
2997.081914	57.226562
3005.927478	57.226562
3010.597947	55.359375
3019.437034	57.296875
3024.119707	57.296875
3032.952357	57.296875
3041.792235	57.296875
3046.473371	57.296875
3055.306859	58.757812
3060.000000	56.257812
3068.827138	56.257812
3077.661450	56.257812
3082.352997	56.257812
3091.181004	58.343750
3100.016129	58.343750
3104.706105	58.343750
3113.534968	58.343750
3118.236681	55.343750
3127.059321	54.882812
3135.889029	54.882812
3140.589117	54.882812
3149.412644	54.882812
3154.124284	54.882812
3162.941669	54.921875
3171.766070	54.921875
3176.476035	55.031250
3185.294335	55.031250
3190.015674	55.031250
3198.827910	54.898438
3207.647113	54.898438
3212.366729	54.898438
3221.179908	54.898438
3230.000000	54.882812
3234.717917	54.789062
3243.532025	54.789062
3248.261073	54.789062
3257.069235	54.789062
3265.884260	54.578125
3270.611564	54.296875
3279.420681	54.296875
3284.158949	54.296875
3292.962192	54.296875
3301.772251	54.296875
3306.508733	54.296875
3315.312957	54.296875
3324.123945	54.296875
3328.858663	56.812500
3337.663854	57.437500
3342.409311	57.437500
3351.208737	57.437500
3360.014881	57.437500
3364.758535	57.437500
3373.558952	57.578125
3378.313189	62.078125
3387.107911	62.078125
3395.909304	62.078125
3400.661700	62.078125
3409.457435	62.789062
3414.220262	62.789062
3423.010371	62.789062
3431.807104	62.789062
3436.568055	64.687500
3445.359198	66.476562
3454.156916	66.476562
3458.916015	66.476562
3467.708177	66.476562
3472.477502	66.476562
3481.264138	66.679688
3490.057306	66.679688
3494.824745	66.390625
3503.612421	66.390625
3508.389944	66.390625
3517.172160	64.507812
3525.960862	64.507812
3530.736467	64.507812
3539.519741	64.507812
3544.305292	63.679688
3553.083168	63.078125
3561.867488	63.078125
3566.651090	63.078125
3575.430044	63.078125
3584.215395	64.679688
3588.997074	64.679688
3597.777091	64.679688
3602.568528	62.078125
3611.343240	62.078125
3620.124307	62.539062
3624.913792	62.539062
3633.689585	62.539062
3638.488697	62.539062
3647.259245	62.539062
3656.036105	63.789062
3660.833238	63.273438
3669.604883	63.273438
3674.411518	63.273438
3683.177976	63.273438
3691.950704	60.000000
