0.000000	19.679688
10.000000	19.679688
20.000000	19.679688
22.360680	19.679688
31.622777	19.750000
41.231056	19.750000
44.721360	20.343750
53.851648	20.343750
63.245553	20.468750
72.801099	20.468750
76.157731	20.468750
85.440037	20.468750
94.868330	21.148438
98.488578	21.148438
107.703296	21.148438
117.046999	21.148438
126.491106	13.578125
130.000000	13.320312
139.283883	12.554688
148.660687	11.789062
158.113883	11.039062
161.554944	10.765625
170.880075	10.093750
180.277564	9.679688
183.847763	9.625000
193.132079	9.562500
202.484567	9.585938
211.896201	9.445312
215.406592	9.281250
224.722051	9.093750
234.093998	9.031250
237.697286	8.976562
246.981781	9.015625
256.320112	9.070312
265.706605	9.203125
269.258240	9.343750
278.567766	9.546875
287.923601	9.562500
291.547595	9.757812
300.832179	9.570312
310.161248	9.164062
319.530906	8.617188
323.109888	8.515625
332.415403	8.054688
341.760150	7.460938
345.398321	7.203125
354.682957	7.250000
364.005494	7.710938
373.363094	7.843750
376.961536	7.890625
386.264158	8.187500
395.600809	8.539062
399.249296	8.679688
408.533964	8.710938
417.851648	8.695312
427.200187	8.781250
430.813185	8.898438
440.113622	8.929688
449.444101	8.937500
453.100430	9.031250
462.385121	9.039062
471.699057	8.929688
481.040539	8.875000
484.664833	8.898438
493.963561	8.921875
503.289181	8.968750
506.951674	9.023438
516.236380	9.078125
525.547334	8.992188
534.883165	8.750000
538.516481	8.570312
547.813837	8.257812
557.135531	8.046875
560.802996	7.921875
570.087713	7.890625
579.396237	8.046875
588.727441	8.578125
592.368129	8.968750
601.664358	9.804688
610.982815	10.312500
614.654374	10.523438
623.939100	10.781250
633.245608	11.000000
642.572953	11.148438
646.219777	11.210938
655.515065	11.140625
664.830806	10.960938
668.505797	10.953125
677.790528	10.773438
687.095335	10.695312
696.419414	10.859375
700.071425	11.054688
709.365914	11.617188
718.679344	12.265625
722.357252	12.570312
731.641989	13.015625
740.945342	13.351562
750.266619	13.601562
753.923073	13.632812
763.216876	13.671875
772.528317	13.523438
781.856764	13.351562
785.493475	13.101562
794.795571	13.179688
804.114420	13.281250
807.774721	13.203125
817.067929	13.289062
826.377638	13.304688
835.703297	13.242188
839.344983	13.140625
848.645980	12.937500
857.962703	12.718750
861.626369	12.585938
870.919055	12.328125
880.227243	12.054688
889.550448	11.859375
893.196507	11.843750
902.496537	12.085938
911.811384	12.453125
915.478017	12.492188
924.770242	12.593750
934.077085	12.554688
943.398113	12.359375
952.732911	12.210938
962.081078	12.242188
967.987603	12.257812
971.442227	15.992188
977.394496	14.625000
986.813052	18.437500
996.242942	18.437500
1005.683847	18.437500
1015.135459	17.203125
1024.597482	17.203125
1034.069630	17.203125
1043.551628	17.156250
1053.043209	17.156250
1062.544117	17.156250
1072.054103	17.710938
1081.572929	17.710938
1091.100362	17.710938
1100.636180	21.273438
1110.180166	21.273438
1119.732111	21.273438
1129.291813	23.718750
1138.859078	23.718750
1148.433716	23.718750
1158.015544	23.718750
1164.817582	23.718750
1167.604385	23.718750
1174.436035	23.718750
1184.060809	22.890625
1193.691753	22.890625
1203.328717	22.890625
1212.971558	20.906250
1222.620137	20.906250
1232.274320	20.906250
1241.933976	18.726562
1251.598977	18.726562
1261.269202	18.726562
1270.944531	18.710938
1280.624847	18.710938
1290.310040	18.710938
1300.000000	18.648438
1309.694621	18.648438
1319.393800	18.648438
1329.097438	20.203125
1338.805438	20.203125
1348.517705	20.203125
1358.234148	20.171875
1365.650028	20.000000
1367.954678	20.171875
1375.390854	20.000000
1385.135372	20.500000
1394.883508	20.500000
1404.635184	20.500000
1414.390328	18.289062
1424.148869	18.289062
1433.910736	18.289062
1443.675864	17.179688
1453.444185	17.179688
1463.215637	17.179688
1472.990156	17.179688
1482.767682	17.179688
1492.548157	17.179688
1502.331521	17.976562
1512.117720	17.976562
1521.906699	17.976562
1531.698404	21.609375
1541.492783	21.609375
1551.289786	21.609375
1561.089363	21.726562
1568.948693	21.726562
1570.891467	21.726562
1578.765340	21.726562
1588.584275	22.023438
1598.405455	22.023438
1608.228839	22.023438
1618.054387	22.039062
1627.882060	22.039062
1637.711818	22.039062
1647.543626	22.781250
1657.377446	22.781250
1667.213244	22.781250
1677.050983	26.210938
1686.890631	26.210938
1696.732153	26.210938
1706.575518	28.578125
1716.420694	28.578125
1726.267650	14.804688
1736.116356	14.781250
1745.966781	14.796875
1755.818897	14.835938
1765.672676	14.835938
1773.865835	13.976562
1775.528090	14.531250
1783.732043	13.375000
1793.599732	12.789062
1803.468880	12.421875
1813.339461	12.375000
1823.211452	12.476562
1833.084832	12.750000
1841.412501	12.992188
1842.959576	13.093750
1851.296843	13.250000
1861.182420	13.359375
1871.069213	13.304688
1880.957203	13.156250
1889.391436	12.843750
1890.846371	12.835938
1899.289341	12.312500
1909.188309	12.007812
1919.088325	12.132812
1928.989373	12.625000
1938.891436	13.093750
1947.434209	13.375000
1948.794499	13.335938
1957.345141	13.507812
1967.256974	13.562500
1977.169694	13.375000
1987.083290	13.078125
1995.720421	12.929688
1996.997747	12.882812
2005.642042	12.796875
2015.564437	12.421875
2025.487596	11.414062
2035.411506	10.375000
2045.336158	10.093750
2054.069132	9.875000
2055.261541	9.968750
2064.000969	9.820312
2073.933461	9.750000
2083.866598	9.648438
2093.800373	9.585938
2103.734774	9.546875
2112.557692	9.398438
2113.669794	9.507812
2122.498528	9.226562
2132.439917	8.976562
2142.381852	8.710938
2152.324325	8.421875
2161.226504	8.031250
2162.267329	8.179688
2171.174797	7.820312
2181.123564	7.609375
2191.072797	7.375000
2201.022490	7.070312
2210.972637	6.742188
2219.954954	6.351562
2220.923231	6.460938
2229.910312	6.179688
2239.866067	6.062500
2249.822215	5.921875
2259.778750	5.757812
2269.735667	5.507812
2278.793540	5.070312
2279.692962	5.195312
2288.755120	4.757812
2298.717033	4.382812
2308.679276	4.023438
2318.641844	3.664062
2327.767170	3.351562
2328.604732	3.351562
2337.733946	3.054688
2347.701003	2.765625
2357.668340	2.679688
2367.635952	2.367188
2377.603836	1.820312
2386.797017	1.007812
2387.571988	1.101562
2396.768658	0.312500
2406.740534	-0.375000
2416.712643	-1.039062
2426.684982	-1.523438
2436.657547	-1.515625
2445.914962	-1.242188
2446.630336	-1.281250
2455.890877	-1.085938
2465.866987	-1.125000
2475.843291	-1.093750
2485.819784	-0.890625
2495.135267	-1.195312
2495.796466	-1.132812
2505.114768	-1.453125
2515.094432	-1.656250
2525.074256	-2.000000
2535.054240	-2.546875
2545.034381	-3.195312
2554.407955	-4.015625
2555.014677	-3.796875
2564.390766	-4.414062
2574.373710	-4.585938
2584.356787	-4.179688
2594.339993	-3.195312
2604.323329	-2.476562
2613.752092	-3.765625
2614.306791	-2.921875
2623.737792	-4.320312
2633.723600	-2.789062
2643.709515	0.382812
2653.695536	3.992188
2663.174797	6.742188
2663.681663	6.593750
2673.162921	7.070312
2683.151133	7.179688
2693.139432	7.054688
2703.127818	6.968750
2713.116289	6.992188
2722.645772	7.000000
2723.104846	6.960938
2732.636090	7.054688
2742.626478	6.812500
2752.616937	6.781250
2762.607464	7.148438
2772.598060	7.476562
2782.175408	7.773438
2782.588723	7.781250
2792.167617	7.937500
2802.159881	8.109375
2812.152201	8.226562
2822.144575	8.562500
2831.766233	8.296875
2832.137002	8.437500
2841.760018	7.765625
2851.753846	7.523438
2861.747718	7.500000
2871.741632	7.578125
2881.735588	7.828125
2891.401044	8.078125
2891.729586	8.078125
2901.396216	8.242188
2911.391420	8.226562
2921.386657	8.367188
2931.381927	8.843750
2941.377228	9.234375
2951.084546	9.203125
2951.372562	9.085938
2961.080884	8.679688
2971.077246	8.273438
2981.073632	7.953125
2991.070043	8.101562
3001.066477	8.289062
3010.813843	8.421875
3011.062935	8.398438
3020.811149	8.531250
3030.808473	9.375000
3040.805814	10.148438
3050.803173	10.703125
3060.588179	11.726562
3060.800549	11.414062
3070.586263	13.046875
3080.584360	13.851562
3090.582469	14.445312
3100.403200	14.054688
3100.580591	15.062500
3110.401903	18.453125
3120.400615	18.453125
3130.399336	18.453125
3140.254767	20.140625
3140.398064	20.140625
3150.253958	20.140625
3160.253154	20.140625
3170.252356	21.757812
3180.141506	22.117188
3180.251562	21.757812
3190.141063	22.117188
3200.140622	24.093750
3210.140184	24.093750
3220.062111	24.093750
3220.139749	24.093750
3230.061919	24.679688
3240.061728	24.679688
3250.061538	24.679688
3260.015337	22.179688
3260.061349	22.179688
3270.015290	22.179688
