0.000000	57.093750
10.000000	55.601562
10.000000	57.093750
14.142136	57.093750
22.360680	57.093750
28.284271	54.453125
36.055513	53.703125
44.721360	53.703125
53.851648	53.703125
58.309519	53.703125
67.082039	52.992188
76.157731	52.992188
80.622577	52.992188
89.442719	52.992188
98.488578	52.531250
102.956301	51.617188
111.803399	51.617188
120.830460	51.617188
125.299641	51.617188
134.164079	52.648438
143.178211	52.648438
152.315462	48.648438
156.524758	45.445312
165.529454	43.796875
174.642492	43.742188
178.885438	43.750000
187.882942	43.695312
196.977156	43.648438
201.246118	43.656250
210.237960	43.578125
219.317122	42.421875
223.606798	41.507812
232.594067	39.484375
241.660919	37.625000
250.798724	35.765625
254.950976	34.781250
264.007576	32.968750
273.130006	32.265625
277.308492	32.164062
286.356421	31.828125
295.465734	31.593750
299.666481	31.734375
308.706981	32.093750
317.804972	32.562500
322.024844	32.757812
331.058907	33.226562
340.147027	33.523438
349.284984	33.609375
353.411941	33.515625
362.491379	33.273438
371.618084	32.953125
375.765885	32.664062
384.837628	32.203125
393.954312	31.906250
398.120585	31.898438
407.185461	31.773438
416.293166	31.601562
425.440948	31.328125
429.534632	31.437500
438.634244	31.687500
447.772264	31.968750
451.884941	32.304688
460.977223	32.531250
470.106371	32.132812
474.236228	32.609375
483.321839	32.195312
492.442890	32.554688
496.588361	32.726562
505.667875	33.085938
514.781507	33.156250
523.927476	33.156250
528.015151	33.187500
537.121960	33.203125
546.260011	33.093750
550.363516	33.117188
559.464029	32.695312
568.594759	32.250000
572.712843	32.187500
581.807528	31.757812
590.931468	31.328125
595.063022	31.273438
604.152299	31.296875
613.269924	31.632812
622.414653	31.812500
626.498204	31.203125
635.609943	31.203125
644.748013	31.140625
648.845128	31.000000
657.951366	31.117188
667.083203	31.234375
671.192968	31.484375
680.294054	31.500000
689.420046	31.179688
693.541635	30.945312
702.637887	30.437500
711.758386	29.734375
720.902213	29.289062
724.982758	29.445312
734.098086	29.593750
743.236167	30.421875
747.328576	31.164062
756.439026	31.742188
765.571682	31.062500
769.675256	30.843750
778.781099	31.312500
787.908624	32.179688
792.022727	32.601562
801.124210	33.343750
810.246876	34.062500
819.390017	34.562500
823.468275	34.679688
832.586332	35.062500
841.724420	35.734375
845.813218	36.054688
854.926897	36.695312
864.060183	37.304688
868.158972	37.554688
877.268488	38.015625
886.397202	38.468750
895.544527	38.906250
899.611027	39.046875
908.735385	39.507812
917.877988	39.867188
921.954446	39.953125
931.074648	40.500000
940.212742	41.023438
944.298682	41.187500
953.414915	41.601562
962.548700	41.890625
966.643678	41.992188
975.756117	42.367188
984.885780	42.960938
994.032193	43.453125
998.098192	43.703125
1007.223908	44.007812
1016.366076	44.203125
1020.441081	44.359375
1029.563014	44.375000
1038.701112	44.328125
1042.784733	44.304688
1051.903037	44.203125
1061.037228	44.226562
1065.129100	44.179688
1074.243920	44.031250
1083.374358	44.015625
1092.520023	44.078125
1096.585610	44.031250
1105.712440	44.093750
1114.854251	44.281250
1118.928058	44.367188
1128.051417	44.460938
1137.189518	44.539062
1141.271221	44.500000
1150.391238	44.453125
1159.525765	44.593750
1163.615057	44.664062
1172.731853	45.000000
1181.862936	45.234375
1191.007976	45.320312
1195.073220	45.289062
1204.200980	45.343750
1213.342491	45.421875
1217.415295	45.304688
1226.539849	45.234375
1235.677952	45.390625
1239.758041	45.492188
1248.879498	45.789062
1258.014308	46.093750
1262.101422	46.203125
1271.219887	46.500000
1280.351514	46.734375
1289.496026	46.789062
1293.560977	46.765625
1302.689526	46.578125
1311.830782	46.414062
1315.902732	46.382812
1325.028302	48.070312
1334.166406	52.257812
1338.245120	52.257812
1347.367804	52.257812
1356.502857	52.257812
1365.650028	54.523438
1369.707998	53.382812
1378.840092	53.382812
1387.984150	53.382812
1392.048850	53.382812
1401.178076	53.593750
1410.319113	53.593750
1414.390328	53.593750
1423.516772	53.593750
1432.654878	53.640625
1436.732404	52.453125
1445.856148	52.453125
1454.991409	52.453125
1464.137972	52.117188
1468.196172	52.117188
1477.328670	52.117188
1486.472334	52.117188
1490.536816	52.117188
1499.666630	52.359375
1508.807476	52.359375
1512.878052	52.257812
1522.005256	52.257812
1531.143364	51.593750
1535.219854	51.593750
1544.344521	51.593750
1553.479964	51.593750
1562.625995	53.460938
1566.684397	53.460938
1575.817248	53.460938
1584.960567	53.460938
1589.024858	53.882812
1598.155186	53.210938
1607.295866	53.210938
1611.365880	53.210938
1620.493752	53.210938
1629.631860	52.531250
1633.707440	52.531250
1642.832919	52.531250
1651.968523	52.531250
1661.114084	52.968750
1665.172664	53.109375
1674.305826	53.109375
1683.448841	53.109375
1687.512963	53.109375
1696.643746	54.148438
1705.784277	54.148438
1709.853795	54.148438
1718.982257	54.148438
1728.120366	52.390625
1732.195139	52.578125
1741.321337	52.578125
1750.457083	52.578125
1759.602228	52.507812
1763.660965	52.507812
1772.794404	52.507812
1781.937148	52.507812
1786.001120	52.507812
1795.132307	53.296875
1804.272707	53.296875
1813.422179	53.296875
1817.470770	53.359375
1826.608880	53.203125
1835.755975	53.203125
1839.809773	53.203125
1848.945645	53.203125
1858.090418	53.070312
1862.149296	53.070312
1871.282982	53.070312
1880.425484	52.492188
1889.576672	52.492188
1893.620870	52.367188
1902.761152	52.367188
1911.910040	52.218750
1915.959290	52.218750
1925.097400	52.218750
1934.244038	52.218750
1943.399084	52.000000
1947.434209	52.000000
1956.578647	52.000000
1965.731416	52.000000
1969.771560	51.992188
1978.913844	51.859375
1988.064385	51.859375
1992.109435	51.859375
2001.249610	51.859375
2010.397971	52.171875
2019.554406	52.171875
2023.585926	52.171875
2032.732152	52.171875
2041.886383	53.148438
2045.922775	52.953125
2055.066909	52.953125
2064.218981	52.953125
2073.378885	53.687500
2077.402224	53.687500
2086.552180	53.687500
2095.709904	53.687500
2099.738079	53.687500
2108.885962	55.437500
2118.041548	55.437500
2122.074457	54.023438
2131.220308	54.023438
2140.373799	54.187500
2144.411341	54.187500
2153.555200	54.187500
2162.706638	54.187500
2166.748716	54.187500
2175.890622	53.992188
2185.040045	53.992188
2194.196892	53.992188
2198.226558	53.898438
2207.374005	54.046875
2216.528818	54.046875
2220.562992	54.046875
2229.708501	54.046875
2238.861318	54.281250
2242.899909	54.281250
2252.043516	54.281250
2261.194375	54.281250
2265.237294	53.953125
2274.379036	54.796875
2283.527972	54.796875
2287.575135	54.796875
2296.715045	54.796875
2305.862095	53.882812
2309.913418	53.882812
2319.051530	53.882812
2328.196727	53.882812
2337.348926	52.757812
2341.388477	56.187500
2350.531855	56.187500
2359.682182	56.187500
2363.725872	56.187500
2372.867464	53.671875
2382.015953	53.671875
2386.063704	53.671875
2395.203540	53.671875
2404.350224	54.750000
2408.401960	54.421875
2417.540072	54.421875
2426.684982	54.421875
2430.740628	54.421875
2439.877046	52.812500
2449.020212	52.812500
2453.079697	52.812500
2462.214450	52.812500
2471.355903	53.062500
2480.503981	53.062500
2484.552274	55.226562
2493.692042	55.226562
2502.838389	55.539062
2506.890504	55.539062
2516.028617	55.539062
2525.173261	55.539062
2529.229132	55.539062
2538.365616	53.687500
2547.508587	53.687500
2551.568145	54.312500
2560.703028	54.312500
2569.844353	53.867188
2573.907535	53.867188
2583.040844	53.867188
2592.180549	53.867188
2596.247292	53.867188
2605.379051	53.500000
2614.517164	53.500000
2618.587405	53.359375
2627.717641	53.359375
2636.854186	53.343750
2645.996977	53.343750
2650.056603	53.343750
2659.191606	53.343750
2668.332813	53.578125
2672.395929	53.578125
2681.529414	53.578125
2690.669062	53.578125
2694.735609	55.062500
2703.867600	54.593750
2713.005713	54.593750
2717.075634	54.593750
2726.206155	54.593750
2735.342757	53.867188
2739.415996	53.867188
2748.545070	53.867188
2757.680185	53.867188
2761.756687	53.937500
2770.884335	53.632812
2780.017986	53.632812
2789.157579	53.632812
2793.223944	53.632812
2802.356152	54.148438
2811.494265	54.148438
2815.563887	54.148438
2824.694674	54.148438
2833.831329	54.351562
2837.904156	54.148438
2847.033544	54.148438
2856.168763	54.148438
2860.244745	54.148438
2869.372754	54.132812
2878.506557	54.132812
2882.585645	54.687500
2891.712296	54.132812
2900.844705	54.460938
2904.926849	55.242188
2914.052162	55.242188
2923.183196	55.242188
2932.319901	56.390625
2936.392344	56.390625
2945.522025	56.390625
2954.657341	56.390625
2958.732837	55.953125
2967.861183	54.562500
2976.995129	54.562500
2981.073632	54.562500
2990.200662	54.562500
2999.333259	53.867188
3003.414723	53.867188
3012.540456	53.867188
3021.671723	53.867188
3025.756104	53.601562
3034.880558	53.992188
3044.010512	53.992188
3048.097767	53.992188
3057.220960	53.992188
3066.349621	54.890625
3070.439708	54.890625
3079.561657	54.890625
3088.689042	54.890625
3097.821815	56.492188
3101.902642	56.148438
3111.028769	56.148438
3120.160252	56.148438
3124.243909	56.148438
3133.368794	56.882812
3142.499006	56.882812
3146.585451	56.882812
3155.709112	56.882812
3164.838069	57.148438
3168.927263	57.132812
3178.049716	57.132812
3187.177435	57.132812
3191.269340	57.132812
3200.390601	58.437500
3209.517098	58.437500
3213.611675	58.437500
3222.731760	58.437500
3231.857051	58.953125
3240.987504	58.953125
3245.073189	58.898438
3254.197290	58.898438
3263.326524	60.429688
3267.414880	60.429688
3276.537807	60.429688
3285.665838	60.773438
3289.756830	60.773438
3298.878597	60.773438
3308.005441	60.773438
3312.099032	60.578125
3321.219655	60.671875
3330.345327	60.671875
3334.441482	60.671875
3343.560976	60.671875
3352.685491	60.968750
3356.784175	60.968750
3365.902554	60.968750
3375.025926	60.968750
3384.154252	62.117188
3388.244383	60.578125
3397.366627	60.578125
3406.493799	60.578125
3410.586460	60.578125
3419.707590	60.578125
3428.833621	60.578125
3432.928779	60.578125
3442.048808	60.578125
3451.173713	62.132812
3455.271335	61.929688
3464.390278	61.929688
3473.514071	61.929688
3477.614125	61.929688
3486.731994	66.296875
3495.854688	66.296875
3499.957143	66.296875
3509.073952	66.296875
3518.195560	68.500000
3527.321930	68.500000
3531.416147	70.062500
3540.536682	70.062500
3549.661956	70.046875
3553.758574	70.046875
3562.878050	70.046875
3572.002240	70.046875
3576.101229	70.046875
3585.219659	69.156250
3594.342777	69.156250
3598.444108	70.046875
3607.561503	70.046875
3616.683564	69.781250
3620.787207	69.781250
3629.903580	69.781250
3639.024595	69.781250
3643.130522	69.781250
3652.245884	69.523438
3661.365865	69.523438
3665.474048	69.523438
3674.588412	69.523438
