0.000000	39.968750
10.000000	39.593750
14.142136	39.593750
22.360680	39.593750
28.284271	40.492188
36.055513	40.492188
42.426407	40.492188
50.000000	40.492188
58.309519	40.992188
64.031242	41.929688
72.111026	41.929688
78.102497	41.929688
86.023253	41.929688
94.339811	42.078125
100.000000	41.953125
108.166538	40.976562
116.619038	39.992188
122.065556	39.992188
130.384048	39.398438
136.014705	39.398438
144.222051	39.187500
152.643375	38.710938
158.113883	38.992188
166.433170	36.101562
174.928557	36.101562
180.277564	36.648438
188.679623	36.648438
194.164878	36.648438
202.484567	35.859375
210.950231	35.859375
216.333077	35.859375
224.722051	35.859375
230.217289	36.453125
238.537209	35.976562
246.981781	35.976562
252.388589	35.976562
260.768096	35.976562
269.258240	35.890625
274.590604	35.890625
283.019434	35.890625
288.444102	35.929688
296.816442	35.929688
305.286750	36.226562
310.644491	36.226562
319.061123	36.226562
327.566787	36.226562
332.866340	36.226562
341.320963	36.359375
346.698716	36.039062
355.105618	36.039062
363.593179	36.039062
368.917335	36.039062
377.359245	33.843750
385.875628	32.125000
391.152144	32.164062
399.624824	31.921875
404.969135	31.960938
413.400532	31.718750
421.900462	31.421875
427.200187	30.007812
435.660418	30.000000
441.021541	30.187500
449.444101	29.132812
457.930126	28.179688
463.249393	27.882812
471.699057	27.781250
480.208288	27.757812
485.489444	27.671875
493.963561	27.710938
499.299509	27.617188
507.740091	27.679688
516.236380	27.671875
521.536192	27.515625
530.000000	27.593750
538.516481	27.703125
543.783045	27.703125
552.268051	27.859375
557.584074	27.867188
566.038868	27.937500
574.543297	27.929688
579.827561	27.742188
588.302643	27.750000
596.824932	27.882812
602.079729	27.890625
610.573501	28.117188
615.873364	28.164062
624.339651	28.179688
632.850693	28.265625
638.122245	28.414062
646.606526	28.460938
651.920241	28.546875
660.378679	28.695312
668.879660	28.898438
674.166152	28.828125
682.641927	28.625000
691.158448	28.437500
696.419414	28.312500
704.911342	28.289062
710.211236	28.250000
718.679344	28.320312
727.186359	28.421875
732.461603	28.359375
740.945342	28.515625
749.466477	28.546875
754.718491	28.320312
763.216876	28.156250
768.505042	28.164062
776.981338	28.054688
785.493475	27.882812
790.759129	27.867188
799.249648	27.843750
807.774721	27.968750
813.019065	28.101562
821.522976	28.382812
826.801064	28.406250
835.284383	28.609375
843.800924	28.570312
849.058302	28.343750
857.554663	28.234375
862.844134	27.992188
871.320836	27.804688
879.829529	27.765625
885.098865	27.710938
893.588272	27.351562
902.108641	26.992188
907.358804	27.039062
915.860251	27.828125
921.140597	28.078125
929.623580	28.820312
938.136451	29.085938
943.398113	29.148438
951.892851	29.007812
960.416576	28.625000
965.660396	28.773438
974.166310	28.531250
979.438615	28.757812
987.927123	28.664062
996.443676	28.929688
1001.698557	29.265625
1010.198000	29.523438
1018.724693	29.492188
1023.962890	29.218750
1032.472760	28.968750
1037.737925	28.554688
1046.231332	28.601562
1054.751155	28.835938
1060.000000	28.515625
1068.503627	28.781250
1073.778376	28.507812
1082.266141	28.882812
1090.779538	29.289062
1096.038320	29.257812
1104.536102	29.476562
1113.058848	29.570312
1118.302285	29.507812
1126.809656	29.453125
1132.077736	29.398438
1140.570033	29.312500
1149.086594	29.296875
1154.339638	29.234375
1162.841348	29.210938
1171.366723	29.070312
1176.605286	28.890625
1185.116028	28.882812
1190.378091	28.828125
1198.874472	28.835938
1207.393888	28.898438
1212.641744	28.804688
1221.147002	29.023438
1229.674754	29.070312
1234.908904	28.726562
1243.422696	28.570312
1248.679302	28.203125
1257.179383	28.242188
1265.701387	28.078125
1270.944531	27.625000
1279.453008	27.156250
1284.717868	26.898438
1293.213053	26.804688
1301.729619	26.851562
1306.981255	26.898438
1315.484702	26.859375
1324.009063	26.750000
1329.247908	26.812500
1337.759321	26.640625
1343.018987	26.750000
1351.517665	26.781250
1360.036764	26.773438
1365.283853	26.828125
1373.790377	26.851562
1382.316896	26.992188
1387.551801	26.937500
1396.065901	26.882812
1401.320806	26.648438
1409.822684	26.484375
1418.344105	25.921875
1423.587019	25.718750
1432.096365	25.093750
1440.624864	24.765625
1445.856148	24.851562
1454.372717	24.390625
1459.623239	24.414062
1468.128060	24.187500
1476.651618	23.960938
1481.890684	23.929688
1490.402630	23.148438
1495.660389	22.796875
1504.160896	22.382812
1512.679741	22.148438
1517.926217	22.117188
1526.433752	22.000000
1534.959283	21.945312
1540.194793	21.867188
1548.709140	21.835938
1553.962677	21.703125
1562.466000	21.625000
1570.986951	21.421875
1576.229679	21.304688
1584.739726	20.992188
1593.267084	20.750000
1598.499296	20.726562
1607.015868	20.351562
1612.265487	20.257812
1620.771421	20.296875
1629.294326	20.343750
1634.533573	20.367188
1643.045952	20.210938
1651.575006	19.593750
1656.804153	19.382812
1665.322792	18.882812
1670.568765	19.093750
1679.077127	19.117188
1687.601849	19.171875
1692.837854	19.382812
1701.352403	19.398438
1706.604817	19.562500
1715.109326	19.468750
1723.629891	19.468750
1728.872465	19.609375
1737.383090	19.531250
1745.909505	19.437500
1751.142484	19.203125
1759.659058	18.898438
1764.907930	18.875000
1773.414785	18.773438
1781.937148	18.773438
1787.176544	18.960938
1795.689283	18.734375
1804.217282	18.617188
1809.447429	18.687500
1817.965896	18.593750
1823.211452	18.617188
1831.720503	18.421875
1840.244549	18.484375
1845.480967	18.742188
1853.995685	19.250000
1862.525168	19.859375
1867.752660	20.679688
1876.272901	21.187500
1881.515347	21.867188
1890.026455	21.976562
1898.552080	22.335938
1903.785702	22.078125
1912.302277	23.851562
1917.550521	25.257812
1926.058151	27.179688
1934.580058	28.109375
1939.819579	28.898438
1948.332620	27.382812
1956.859729	26.929688
1962.090722	26.773438
1970.609043	26.859375
1975.854246	26.718750
1984.363878	37.554688
1992.887353	41.500000
1998.124120	40.218750
2006.638981	40.218750
2015.167487	39.031250
2020.396001	39.031250
2028.915967	39.031250
2034.158303	39.031250
2042.669822	39.031250
2051.194774	39.968750
2056.428944	39.968750
2064.945520	39.968750
2073.475343	39.968750
2078.701518	39.968750
2087.223036	41.062500
2092.462664	41.062500
2100.975964	41.062500
2109.502311	41.062500
2114.734026	39.960938
2123.252222	39.367188
