0.000000	52.828125
10.000000	52.828125
14.142136	52.828125
14.142136	54.156250
22.360680	52.828125
22.360680	54.156250
28.284271	52.828125
31.622777	54.156250
36.055513	52.156250
41.231056	54.820312
42.426407	52.953125
50.000000	52.953125
50.990195	54.820312
58.309519	52.953125
60.827625	54.820312
64.031242	52.953125
70.710678	55.437500
72.111026	52.960938
72.801099	55.437500
78.102497	52.960938
82.462113	55.437500
86.023253	52.960938
92.195445	55.437500
94.339811	52.960938
100.000000	52.601562
101.980390	55.390625
108.166538	51.531250
111.803399	55.390625
116.619038	51.531250
121.655251	55.390625
122.065556	51.531250
130.384048	51.531250
131.529464	57.367188
133.416641	57.273438
136.014705	51.531250
143.178211	57.273438
144.222051	51.398438
152.643375	51.398438
152.970585	57.273438
158.113883	51.632812
162.788206	59.492188
166.433170	51.632812
172.046505	51.632812
172.626765	59.492188
180.277564	52.210938
182.482876	59.492188
188.679623	52.210938
192.353841	61.632812
194.164878	52.210938
202.237484	61.632812
202.484567	52.210938
203.960781	61.632812
210.950231	51.312500
213.775583	61.632812
216.333077	51.781250
223.606798	62.343750
224.722051	51.781250
230.217289	51.781250
233.452351	62.343750
238.537209	51.781250
243.310501	62.343750
246.981781	52.132812
252.388589	52.132812
253.179778	61.421875
260.768096	52.132812
263.058929	61.421875
266.270539	51.578125
272.946881	59.906250
274.590604	59.906250
274.590604	51.578125
283.019434	51.796875
284.429253	59.906250
288.444102	51.796875
294.278779	59.906250
296.816442	51.796875
304.138127	59.429688
305.286750	51.796875
310.644491	51.796875
314.006369	59.429688
319.061123	52.156250
323.882695	59.429688
324.499615	51.210938
332.866340	51.210938
333.766385	59.117188
335.410197	59.210938
341.320963	51.210938
345.253530	59.210938
346.698716	51.210938
355.105618	59.210938
355.105618	52.179688
363.593179	52.179688
364.965752	59.476562
368.917335	52.179688
374.833296	59.476562
377.359245	52.179688
382.753184	51.351562
384.707681	59.476562
391.152144	52.039062
394.588393	59.789062
399.624824	52.039062
404.474968	59.789062
404.969135	52.039062
406.078810	59.789062
413.400532	52.039062
415.932687	59.789062
418.807832	52.039062
425.793377	59.109375
427.200187	51.007812
435.660418	59.109375
435.660418	51.007812
441.021541	50.921875
445.533388	59.109375
449.444101	50.921875
455.411901	57.898438
457.930126	51.609375
463.249393	51.609375
465.295605	57.898438
471.699057	51.609375
475.184175	57.898438
476.759898	57.898438
477.074418	51.609375
485.489444	51.609375
486.621002	58.187500
493.963561	51.859375
496.487663	58.187500
499.299509	52.382812
506.359556	58.187500
507.740091	52.382812
513.127664	52.382812
516.236380	58.867188
521.536192	52.382812
526.117858	58.867188
530.000000	51.679688
535.350353	51.679688
536.003731	58.867188
537.587202	58.367188
543.783045	51.679688
547.448628	58.367188
552.268051	51.679688
557.314992	58.367188
557.584074	51.539062
566.038868	51.179688
567.186036	58.367188
571.401785	51.179688
577.061522	58.046875
579.827561	51.179688
586.941224	58.046875
588.302643	51.179688
593.632883	51.179688
596.824932	58.046875
602.079729	50.968750
606.712452	58.757812
607.453702	51.296875
608.276253	58.757812
615.873364	51.296875
618.142378	58.757812
624.339651	51.296875
628.012739	58.757812
629.682460	51.296875
637.887137	60.171875
638.122245	51.843750
646.606526	51.843750
647.765390	60.171875
651.920241	51.703125
657.647322	60.171875
660.378679	51.843750
665.732679	51.703125
667.532771	60.398438
669.103878	60.398438
674.166152	52.390625
678.969808	60.398438
682.641927	52.390625
687.968023	52.390625
688.839604	60.398438
696.419414	52.390625
698.713103	59.382812
701.783442	52.476562
708.590150	59.382812
710.211236	51.546875
718.470598	59.382812
718.679344	51.546875
724.016574	51.546875
728.354309	58.492188
732.461603	51.546875
738.241153	58.492188
739.797270	56.718750
740.945342	50.882812
746.257328	50.882812
749.666593	56.718750
754.718491	50.882812
759.539334	55.960938
760.065787	51.648438
768.505042	51.648438
769.415362	55.960938
776.981338	51.882812
779.294553	55.960938
782.304289	51.882812
789.176786	53.343750
790.759129	51.882812
799.061950	53.343750
799.249648	51.882812
804.549563	51.882812
808.949937	53.343750
810.493677	53.343750
813.019065	51.890625
818.352003	52.218750
820.365772	52.156250
826.801064	52.218750
830.240929	52.156250
835.284383	52.218750
840.119039	52.156250
840.595027	52.218750
849.058302	51.421875
850.000000	53.218750
854.400375	51.421875
859.883713	53.218750
862.844134	51.421875
869.770085	53.218750
871.320836	53.218750
871.320836	51.421875
876.641318	52.210938
881.192374	53.859375
885.098865	51.796875
891.066776	53.859375
893.588272	51.796875
898.888202	51.796875
900.943949	53.859375
907.358804	51.796875
910.823803	52.468750
912.688337	51.796875
920.706251	52.468750
921.140597	51.492188
929.623580	51.492188
930.591210	52.468750
934.933153	52.312500
940.478602	53.328125
942.019108	52.546875
943.398113	52.312500
948.736001	52.312500
951.892851	52.546875
957.183368	51.929688
961.769203	52.546875
965.660396	51.929688
970.978888	51.929688
971.648084	52.851562
979.438615	51.929688
981.529419	52.851562
987.927123	51.820312
991.413133	52.851562
993.227064	52.296875
1001.299156	52.843750
1001.698557	52.296875
1007.025322	52.296875
1011.187421	52.843750
1012.719112	52.843750
1015.480182	52.296875
1022.594739	52.843750
1023.962890	51.523438
1029.271587	51.523438
1032.472760	52.742188
1037.737925	51.523438
1042.353107	52.742188
1043.072385	51.953125
1051.522705	51.953125
1052.235715	52.742188
1060.000000	51.429688
1062.120520	52.171875
1065.316854	51.429688
1072.007463	52.171875
1073.545528	52.976562
1073.778376	51.429688
1082.266141	51.429688
1083.420509	52.976562
1087.566090	51.429688
1093.297764	53.132812
1096.038320	51.023438
1101.362792	50.671875
1103.177230	53.132812
1109.819805	50.671875
1113.058848	53.132812
1118.302285	50.671875
1122.942563	55.617188
1123.610253	50.671875
1132.077736	50.953125
1132.828319	55.617188
1140.570033	50.953125
1142.716063	55.617188
1144.246477	55.617188
1145.862121	50.953125
1154.123044	54.406250
1154.339638	50.953125
1159.655121	51.601562
1164.001718	54.406250
1168.118145	50.867188
1173.882447	54.406250
1176.605286	50.867188
1181.905242	50.867188
1183.765179	53.117188
1190.378091	50.867188
1193.649865	53.117188
1195.700631	50.867188
1203.536456	53.117188
1204.159458	51.437500
1205.072612	53.117188
1212.641744	51.437500
1214.948559	50.906250
1217.949096	51.117188
1224.826518	50.906250
1226.417547	51.117188
1234.706443	50.906250
1234.908904	51.851562
1240.201597	51.851562
1244.588285	50.882812
1248.679302	51.851562
1253.993620	51.851562
1254.472000	50.882812
1262.457920	51.609375
1264.357544	50.882812
1270.944531	51.609375
1274.244874	50.648438
1275.774275	54.000000
1276.244491	51.390625
1284.717868	51.390625
1285.651586	54.000000
1290.038759	51.390625
1295.530779	54.000000
1298.499134	51.171875
1305.411812	51.750000
1306.981255	51.171875
1312.288078	51.171875
1315.294644	51.750000
1320.757358	51.171875
1325.179233	51.750000
1329.247908	51.398438
1334.541120	51.398438
1335.065541	52.273438
1343.018987	51.398438
1344.953531	52.273438
1346.476884	52.273438
1348.332303	51.398438
1356.355411	52.273438
1356.797700	51.398438
1365.283853	51.890625
1366.235704	52.242188
1370.583817	51.890625
1376.117728	52.242188
1379.057649	51.890625
1384.377116	51.523438
1386.001443	52.242188
1392.838828	51.523438
1395.886815	52.242188
1401.320806	51.312500
1405.773808	52.242188
1406.627172	51.312500
1407.302384	52.242188
1415.097170	51.312500
1417.180299	52.242188
1423.587019	51.312500
1427.059915	52.093750
1428.880681	51.312500
1436.941196	52.093750
1437.358689	52.429688
1442.671134	51.757812
1446.824108	52.093750
1451.137485	51.757812
1456.708619	51.859375
1459.623239	51.757812
1464.923206	51.757812
1466.594695	51.859375
1473.397435	52.742188
1476.482306	51.859375
1478.005413	54.546875
1478.715659	52.742188
1487.178537	52.742188
1487.884404	56.359375
1495.660389	52.742188
1497.765002	56.359375
1500.966355	51.898438
1507.647174	56.359375
1509.436981	51.429688
1517.530889	55.789062
1517.926217	51.429688
1523.220273	51.429688
1527.416119	55.789062
1531.698404	51.429688
1537.010085	51.429688
1537.302833	55.789062
1545.477273	50.953125
1547.191003	54.703125
1548.709140	54.703125
1553.962677	50.953125
1558.589106	54.703125
1559.262646	51.476562
1567.737223	51.476562
1568.470593	54.703125
1576.229679	51.562500
1578.353573	53.359375
1581.518258	51.562500
1588.238017	53.359375
1590.000000	51.562500
1595.305613	51.562500
1598.123900	53.359375
1603.776792	51.562500
1608.011194	52.187500
1609.534094	52.187500
1612.265487	51.796875
1617.559891	51.921875
1619.413474	52.187500
1626.038130	51.921875
1629.294326	52.187500
1631.349135	51.921875
1639.176623	51.671875
1639.817063	51.921875
1648.302157	51.632812
1649.060338	51.671875
1653.602129	51.632812
1658.945448	51.671875
1662.077014	51.632812
1668.831927	44.507812
1670.568765	51.632812
1675.857989	50.992188
1678.719750	44.476562
1680.238078	44.539062
1684.339633	51.593750
1689.644933	51.593750
1690.118339	44.500000
1698.116604	51.593750
1700.000000	44.460938
1706.604817	51.593750
1709.883037	44.421875
1711.899530	51.593750
1719.767426	44.382812
1720.377865	51.296875
1725.688268	51.921875
1729.653144	44.351562
1734.156856	51.921875
1739.540169	44.335938
1741.062894	44.468750
1742.641673	51.921875
1747.941647	51.921875
1750.942603	45.046875
1756.416807	51.960938
1760.823671	44.765625
1764.907930	51.960938
1770.197729	51.960938
1770.706074	43.453125
1778.679285	51.960938
1780.589790	42.765625
1783.984305	52.046875
1790.474797	43.015625
1792.456415	52.093750
1800.361075	43.187500
1800.944197	52.093750
1801.887899	42.539062
1806.239187	52.093750
1811.767093	43.335938
1814.717609	52.093750
1820.027472	52.093750
1821.647606	43.710938
1828.496650	51.171875
1831.529416	44.531250
1833.084832	44.804688
1836.981219	51.171875
1842.281195	51.031250
1842.959576	44.875000
1850.756602	51.031250
1852.835665	44.781250
1859.247159	51.359375
1862.713075	44.734375
1864.296114	44.742188
1864.537476	51.359375
1873.018953	51.359375
1874.166481	44.562500
1878.323721	51.359375
1884.038216	44.140625
1886.796226	51.359375
1893.911297	43.820312
1895.283620	52.093750
1895.521037	43.671875
1900.578859	51.562500
1905.387100	43.843750
1909.057359	51.562500
1915.254552	43.820312
1917.550521	51.562500
1922.836447	51.562500
1925.123373	43.773438
1926.758937	43.570312
1931.320792	52.140625
1936.620768	43.492188
1936.620768	52.140625
1945.096399	52.140625
1946.484010	43.312500
1953.586445	52.140625
1956.348640	43.125000
1958.009193	42.945312
1958.877229	51.843750
1967.358635	51.992188
1967.866865	42.875000
1972.663174	51.992188
1977.725967	42.820312
1981.136038	51.992188
1987.586476	42.812500
1989.271223	42.562500
1989.623080	51.992188
1994.918545	51.992188
1999.124809	42.617188
2003.397115	51.687500
2008.979841	42.687500
2011.889659	51.687500
2017.176244	51.421875
2018.836298	42.617188
2020.544481	42.429688
2025.660386	51.421875
2030.394050	42.250000
2030.960364	51.421875
2039.436197	51.109375
2040.245083	42.187500
2047.925780	51.109375
2050.097559	42.085938
2051.828453	42.015625
2053.216988	51.109375
2061.674077	41.898438
2061.698329	51.109375
2067.002661	51.601562
2071.521180	41.609375
2075.475849	51.718750
2081.369741	41.718750
2083.122656	41.750000
2083.962572	51.718750
2089.258242	51.718750
2092.964405	41.937500
2097.736876	51.718750
2102.807647	42.093750
2106.228857	51.906250
2111.516043	51.906250
2112.652361	42.109375
2114.426636	42.164062
2120.000000	51.906250
2124.264579	41.765625
2125.299979	52.046875
2133.775996	52.046875
2134.104027	41.312500
2142.265156	52.468750
2143.944962	41.093750
2145.739966	41.234375
2147.556751	52.468750
2155.574169	41.296875
2156.038033	52.468750
2161.342176	52.468750
2165.409892	41.585938
2169.815660	52.468750
2175.247112	41.632812
2177.062241	41.703125
2178.302091	52.281250
2183.597948	52.039062
2186.892773	41.406250
2192.076641	52.039062
2196.724835	41.296875
2200.568108	52.039062
2205.855843	52.039062
2206.558406	40.140625
2208.393081	39.890625
2214.339631	51.757812
2218.220007	38.718750
2219.639610	51.757812
2228.048473	38.460938
2228.115796	51.757812
2236.604569	51.757812
2237.878460	38.445312
2239.732127	39.023438
2241.896519	52.187500
2249.555512	39.625000
2250.377746	52.257812
2255.681715	52.257812
2259.380446	40.828125
2264.155472	52.257812
2269.206910	42.273438
2271.079039	42.781250
2272.641635	52.257812
2277.937664	52.257812
2280.898946	43.296875
2286.416410	51.968750
2290.720411	43.476562
2294.907406	51.968750
2300.195644	51.460938
2300.543414	43.437500
2302.433495	43.429688
2308.679276	51.460938
2312.249986	43.304688
2313.979257	51.460938
2322.068044	43.187500
2322.455597	51.851562
2330.944015	51.851562
2331.887647	42.960938
2333.795192	42.906250
2336.236289	51.851562
2343.608329	42.859375
2344.717467	51.851562
2353.210573	52.257812
2353.423039	42.914062
2358.495283	52.406250
2363.239302	42.859375
2365.163842	42.898438
2366.981200	52.406250
2372.277387	52.406250
2374.973684	42.843750
2380.756182	52.406250
2384.785106	42.773438
2389.246743	52.710938
2394.535446	52.710938
2394.598087	42.765625
2396.539171	42.796875
2403.018935	52.710938
2406.345777	42.710938
2408.318916	51.867188
2416.153969	42.531250
2416.795399	51.867188
2425.283489	51.820312
2425.963726	42.632812
2427.920921	42.656250
2430.576063	51.820312
2437.724349	42.843750
2439.057195	51.820312
2447.529367	42.820312
2447.549795	51.820312
2452.835094	51.820312
2457.335956	42.460938
2459.308846	42.187500
2461.320784	52.382812
2466.617117	51.843750
2469.109151	41.734375
2475.095958	51.843750
2478.911051	42.343750
2480.907092	42.562500
2483.586117	51.843750
2488.875248	51.843750
2490.702712	42.851562
2497.358605	52.132812
2500.499950	42.750000
2502.658586	52.132812
2510.298787	42.679688
2511.135201	52.132812
2512.309694	42.703125
2519.622988	52.132812
2522.102298	42.640625
2524.915840	52.296875
2531.896522	42.585938
2533.396929	51.953125
2541.692350	42.539062
2541.889061	51.953125
2543.717752	42.554688
2547.174906	51.953125
2553.507392	42.476562
2555.660384	51.953125
2560.956852	51.953125
2563.298656	42.593750
2569.435736	51.906250
2573.091526	42.851562
2575.131065	42.968750
2577.925523	51.906250
2583.215051	52.109375
2584.917794	43.171875
2591.698285	52.109375
2594.706149	43.242188
2596.998267	52.109375
2604.496112	43.218750
2605.475005	51.546875
2606.549443	43.250000
2613.962509	51.546875
2616.333312	43.226562
2619.255619	51.546875
2626.118809	43.226562
2627.736669	51.546875
2635.905916	43.179688
2636.228366	52.312500
2637.972706	43.203125
2641.514717	51.578125
2647.753765	43.125000
2650.000000	51.578125
2655.296594	51.578125
2657.536453	43.031250
2663.775516	51.578125
2667.320753	42.828125
2669.400682	42.804688
2672.264957	52.281250
2677.554855	52.281250
2679.178979	42.609375
2686.037974	52.281250
2688.958906	42.562500
2694.531499	52.281250
2698.740447	42.492188
2699.814808	52.148438
2700.833205	42.453125
2708.302051	52.156250
2710.608788	42.289062
2713.595401	52.156250
2720.386002	42.085938
2722.076413	52.156250
2730.164830	41.984375
2730.567707	52.156250
2732.270118	41.968750
2735.854528	51.648438
2742.043034	41.765625
2744.339629	52.023438
2749.636340	52.023438
2751.817581	41.554688
2758.115299	52.023438
2761.593743	41.726562
2763.711273	41.812500
2766.604417	51.773438
2771.894659	51.773438
2773.481567	41.937500
2780.377672	51.773438
2783.253492	41.921875
2788.870739	51.773438
2793.027032	41.875000
2794.154613	51.820312
2795.156525	41.882812
2802.641611	52.937500
2804.924241	41.773438
2807.935184	52.937500
2814.693589	41.632812
2816.416162	52.937500
2824.464551	41.445312
2824.907078	52.937500
2826.605738	41.398438
2830.194340	52.937500
2836.370921	41.203125
2838.679270	53.476562
2843.976090	52.726562
2846.137734	40.984375
2852.455083	52.726562
2855.906161	40.695312
2858.058782	40.625000
2860.943900	52.726562
2866.234464	52.726562
2867.821473	40.406250
2874.717377	52.406250
2877.585794	40.171875
2883.210017	52.406250
2887.351728	40.093750
2888.494418	52.406250
2889.515530	40.117188
2896.981187	52.406250
2899.275772	40.125000
2902.274970	51.968750
2909.037642	40.093750
2910.755916	52.296875
2918.801124	39.968750
2919.246478	52.296875
2920.975864	39.906250
2924.534151	52.296875
2930.733697	39.804688
2933.018923	52.296875
2938.315844	52.296875
2940.493156	39.718750
2946.794869	52.210938
2950.254226	39.578125
2952.439669	39.500000
2955.283404	52.210938
2960.574269	52.382812
2962.195132	39.281250
2969.057089	52.382812
2971.952220	39.101562
2977.549328	52.273438
2981.710918	38.984375
2982.834223	52.273438
2983.906835	38.921875
2991.320779	52.273438
2993.659967	38.789062
2996.614757	52.273438
3003.414723	38.718750
3005.095672	52.273438
3013.171087	38.609375
3013.585904	52.132812
3015.377257	38.500000
3018.873962	52.250000
3025.128096	38.187500
3027.358585	52.250000
3032.655602	52.250000
3034.880558	38.039062
3041.134657	52.250000
3044.634625	38.054688
3046.850833	38.007812
3049.622928	51.992188
3054.914074	51.992188
3056.599418	37.968750
3063.396807	51.992188
3066.349621	37.906250
3071.888670	51.992188
3076.101429	37.757812
3077.174028	53.203125
3078.327468	37.734375
3085.660383	52.546875
3088.073833	37.828125
3090.954545	52.546875
3097.821815	37.718750
3099.435432	52.546875
3107.571399	37.343750
3107.925353	52.546875
3109.807068	37.257812
3113.213774	52.546875
3119.551250	37.210938
3121.698256	51.773438
3129.297046	37.109375
3130.191687	51.773438
3135.474446	52.507812
3139.044441	36.953125
3141.289544	36.882812
3143.962468	52.507812
3149.253880	52.507812
3151.031577	36.734375
3157.736531	52.117188
3160.775221	36.578125
3166.228040	52.117188
3170.520462	36.429688
3171.513834	52.117188
3172.774811	36.359375
3180.000000	52.117188
3182.514729	36.203125
3185.294335	52.546875
3192.256255	36.054688
3193.775196	52.406250
3201.999375	35.898438
3202.264824	52.406250
3204.262786	35.828125
3207.553585	52.406250
3214.000622	35.679688
3216.037935	52.406250
3223.740064	35.523438
3224.530974	52.632812
3229.814236	52.632812
3233.481096	35.382812
3235.753390	35.429688
3238.302024	52.632812
3243.593686	53.023438
3245.489177	35.328125
3252.076260	53.023438
3255.226567	35.203125
3260.567435	52.476562
3264.965543	35.093750
3265.853640	52.476562
3267.246547	34.976562
3274.339628	52.476562
3276.980317	34.734375
3279.634126	52.476562
3286.715686	34.500000
3288.114961	52.476562
3289.012010	34.406250
3296.604314	51.539062
3298.742185	34.210938
3301.893396	51.570312
3308.473968	34.007812
3310.377622	51.570312
3318.207347	33.781250
3318.870290	51.570312
3320.512009	33.703125
3324.154028	51.570312
3330.240232	33.500000
3332.641595	52.132812
3337.933492	52.132812
3339.970060	33.242188
3346.415993	52.132812
3349.701479	32.914062
3352.014320	32.804688
3354.906854	52.132812
3360.193447	52.281250
3361.740621	32.484375
3368.679266	53.460938
3371.468523	32.164062
3373.973918	53.460938
3381.198013	31.953125
3382.454730	53.460938
3383.518878	31.914062
3390.943821	53.460938
3393.243286	32.671875
3396.233208	53.460938
3402.969292	33.359375
3404.717316	53.531250
3412.696881	34.046875
3413.209633	53.531250
3415.025622	34.382812
3418.493820	53.023438
3424.748166	35.070312
3426.981179	53.023438
3432.273299	53.023438
3434.472303	35.757812
3440.755731	51.992188
3444.198020	36.445312
3446.534491	36.789062
3449.246294	51.992188
3454.533254	51.992188
3456.255199	37.476562
3463.018914	51.992188
3465.977496	38.164062
3471.512639	51.343750
3475.701368	38.851562
3476.794501	51.953125
3478.045428	39.195312
3485.283346	51.953125
3487.764327	39.796875
3490.573019	51.953125
3497.484811	39.867188
3499.057016	51.953125
3507.206866	39.648438
3507.549002	51.867188
3509.558377	39.734375
3512.833614	51.867188
3519.275494	39.507812
3521.320775	51.867188
3526.613106	52.742188
3528.994191	39.289062
3535.095473	52.742188
3538.714456	39.070312
3541.073284	39.156250
3543.585755	53.070312
3548.873061	53.070312
3550.788645	38.937500
3557.358571	53.070312
3560.505582	38.710938
3565.851932	53.070312
3570.224083	44.539062
3571.134274	53.070312
3572.590097	48.281250
3579.622885	53.156250
3582.303728	55.281250
3584.912830	53.257812
3592.018931	61.320312
3593.396722	53.257812
3601.735693	63.562500
3601.888394	53.257812
3604.108766	63.562500
3607.173409	53.257812
3613.820693	64.679688
3615.660382	54.023438
3620.952913	54.023438
3623.534186	66.843750
3629.435218	54.023438
3633.249235	67.929688
3635.629244	68.031250
3637.925233	54.023438
3643.212868	53.609375
3645.339490	69.867188
3651.698235	52.789062
3655.051299	70.789062
3660.191252	52.789062
3664.764658	72.500000
3665.474048	52.789062
3667.151483	72.500000
3673.962439	52.789062
3676.860073	73.359375
3679.252642	52.789062
3686.570222	74.890625
3687.736433	52.406250
3696.227807	52.406250
3696.281916	75.656250
3698.675439	75.570312
3701.513204	52.132812
3708.382397	76.992188
3710.000000	52.132812
3715.292721	52.132812
3718.090908	77.703125
3723.774966	52.117188
3727.800960	78.726562
3730.201067	78.726562
3732.264728	52.117188
3737.552675	52.117188
3739.906416	79.234375
3746.037907	52.117188
3749.613313	79.789062
3754.530596	52.351562
3759.813825	52.421875
3768.302005	52.421875
3773.592453	52.421875
3782.076149	52.421875
3790.567240	51.882812
3795.853000	51.882812
3804.339627	51.882812
3809.632528	52.492188
3818.114718	52.492188
3826.604239	51.703125
3831.892483	51.703125
3840.377586	51.703125
3848.869964	51.703125
3854.153604	51.703125
3862.641583	52.148438
3867.932264	52.109375
3876.415870	52.109375
3884.906691	52.109375
3890.192797	52.109375
3898.679264	52.210938
3907.172891	52.210938
3912.454473	52.210938
3920.943764	52.210938
3926.232291	52.296875
3934.717271	52.210938
3940.012690	52.210938
3948.493384	52.210938
3953.795645	52.210938
3959.116063	52.453125
3967.581127	52.453125
3972.908255	52.453125
3981.369111	52.312500
3986.702898	52.312500
3995.159571	52.312500
4000.499969	52.789062
4008.952482	52.789062
4014.299441	52.789062
4022.747817	52.351562
4028.101290	52.351562
4036.545553	52.351562
4041.905491	52.742188
4050.345664	52.742188
4055.712021	52.742188
4064.148127	52.546875
4069.520856	52.546875
4077.952918	52.546875
4083.331973	52.992188
4091.760013	52.992188
4097.145348	52.992188
4105.569388	53.101562
4110.960958	53.101562
4119.381021	53.101562
4124.778782	53.492188
4133.194890	53.492188
4138.598797	53.492188
4147.010972	53.070312
4152.420981	53.070312
4160.829244	53.070312
4166.245312	53.203125
4174.649686	53.203125
4180.071770	53.203125
4188.472275	52.640625
4193.900333	52.640625
4202.296991	52.640625
4207.730980	52.476562
4216.123812	52.476562
4221.563691	52.476562
4229.952718	52.429688
4235.398446	52.429688
4243.783689	52.429688
4249.235225	52.210938
4254.703280	52.210938
4263.074008	52.210938
4268.547762	52.210938
4276.914776	52.328125
4282.394190	52.148438
4290.757509	52.148438
4296.242544	52.148438
4304.602188	52.546875
4310.092806	52.546875
4318.448796	52.546875
4323.944958	52.679688
4332.297312	52.679688
4337.798981	52.679688
4346.147720	52.367188
4351.654858	52.367188
4360.000000	52.367188
4365.512570	52.140625
4373.854136	52.140625
4379.372101	52.140625
4387.710109	52.140625
4393.233433	52.140625
4401.567902	52.140625
4407.096550	52.210938
4415.427499	52.210938
4420.961434	52.210938
4429.288882	52.117188
4434.828069	52.117188
4443.152034	52.117188
4448.696438	52.710938
4457.016940	52.710938
4462.566526	52.710938
4470.883582	52.062500
4476.438316	52.062500
4484.751944	52.062500
4490.311793	52.148438
4498.622011	52.148438
4504.186941	52.148438
4512.493767	52.093750
4518.063745	52.156250
4526.367197	52.156250
4531.942189	52.156250
4540.242284	52.156250
4545.822258	52.156250
4551.417362	52.148438
4559.703938	52.421875
4565.303933	52.421875
4573.587214	52.421875
4579.192068	52.421875
4587.472071	52.421875
4593.081754	52.789062
4601.358495	52.632812
4606.972976	52.632812
4615.246472	52.632812
4620.865720	52.632812
4629.135988	52.632812
4634.759972	52.140625
4643.027030	52.703125
4648.655720	52.703125
4656.919583	52.703125
4662.552949	52.703125
4670.813634	52.703125
4676.451646	52.382812
4684.709169	52.648438
4690.351799	52.648438
4698.606176	52.648438
4704.253395	52.648438
4712.504642	52.648438
4718.156420	52.578125
4726.404553	53.328125
4732.060862	53.328125
4740.305897	53.328125
4745.966709	53.328125
4754.208662	53.328125
4759.873948	53.562500
4768.112834	53.531250
4773.782567	53.531250
4782.018402	53.531250
4787.692555	53.531250
4795.925354	53.531250
4801.603899	53.937500
4809.833677	53.359375
4815.516587	53.359375
4823.743360	53.359375
4829.430608	53.359375
4837.654390	53.359375
4843.345951	53.398438
4849.051454	53.398438
4857.262604	51.968750
4862.972342	51.968750
4871.180555	51.968750
4876.894504	51.976562
4885.099794	51.976562
4890.817928	51.976562
4899.020310	51.976562
4904.742603	51.976562
4912.942092	51.976562
4918.668519	52.382812
4926.865129	52.382812
4932.595666	52.382812
4940.789411	52.726562
4946.524032	52.726562
4954.714926	52.726562
4960.453608	52.492188
4968.641665	52.492188
4974.384384	52.492188
4982.569618	52.390625
4988.316349	52.390625
4996.498774	52.390625
5002.249494	52.429688
5010.429123	52.429688
5016.183808	52.429688
5024.360656	52.250000
5030.119283	52.250000
5038.293362	52.250000
5044.055908	52.710938
5052.227232	52.710938
5057.993673	52.710938
5066.162256	53.953125
5071.932571	53.953125
5080.098424	53.953125
5085.872590	53.617188
5094.035728	53.617188
5099.813722	53.617188
5107.974158	52.796875
5113.755958	52.796875
5121.913705	52.796875
5127.699289	52.312500
5135.854359	52.312500
5141.643706	52.312500
5147.445969	52.312500
5155.589200	52.960938
5161.395160	52.578125
5169.535763	52.578125
5175.345399	52.578125
5183.483385	52.578125
5189.296677	52.578125
5197.432058	53.046875
5203.248985	53.218750
5211.381775	53.218750
5217.202315	53.218750
5225.332525	53.218750
5231.156660	53.218750
5239.284302	53.070312
5245.112010	53.171875
5253.237097	53.171875
5259.068359	53.171875
5267.190902	53.171875
5273.025697	53.171875
5281.145709	53.289062
5286.984017	52.437500
5295.101510	52.437500
5300.943312	52.437500
5309.058297	52.437500
5314.903574	52.437500
5323.016062	52.687500
5328.864795	52.148438
5336.974799	52.148438
5342.826967	52.148438
5350.934498	52.148438
5356.790084	52.148438
5364.895153	52.359375
5370.754137	53.226562
5378.856756	53.226562
5384.719120	53.226562
5392.819300	53.226562
5398.685025	53.226562
5406.782777	53.929688
5412.651845	54.210938
5420.747181	54.210938
5426.619574	54.210938
5434.712504	54.210938
5440.588203	54.210938
5446.475925	53.843750
5454.557727	53.640625
5460.448700	53.640625
5468.528138	53.640625
5474.422344	53.640625
5482.499430	53.640625
5488.396852	53.710938
5496.471595	53.421875
5502.372216	53.421875
5510.444628	53.421875
5516.348430	53.421875
5524.418521	53.421875
5530.325488	53.023438
5538.393269	52.671875
5544.303383	52.671875
5552.368864	52.671875
5558.282109	52.671875
5566.345300	52.671875
5572.261659	52.640625
5580.322571	52.500000
5586.242028	52.500000
5594.300671	52.500000
5600.223210	52.500000
5608.279594	52.500000
5614.205198	53.101562
5622.259332	53.101562
5628.187985	53.101562
5636.239881	53.101562
5642.171568	53.101562
5650.221235	53.101562
5656.155938	52.000000
5664.203386	52.000000
5670.141092	52.000000
5678.186330	52.000000
5684.127022	52.000000
5692.170061	52.000000
5698.113723	52.000000
5706.154572	52.000000
5712.101190	52.000000
5720.139858	52.000000
5726.089416	52.000000
5734.125914	52.000000
5740.078397	52.000000
5746.042116	52.000000
5754.068126	52.000000
5760.034722	52.000000
5768.058599	52.000000
5774.028057	52.000000
5782.049810	52.000000
5788.022115	52.000000
5796.041753	52.000000
5802.016891	52.000000
5810.034423	52.000000
5816.012380	52.000000
5824.027816	52.000000
5830.008576	52.000000
5838.021925	52.000000
5844.005476	52.000000
5852.016746	52.000000
5858.003073	52.000000
5866.012274	52.000000
5872.001362	52.000000
5880.008503	53.171875
5886.000340	53.609375
5894.005429	53.609375
5900.000000	53.609375
5908.003047	53.609375
5914.000338	53.609375
5922.001351	53.421875
5928.001350	54.187500
5936.000337	54.187500
5942.003029	54.187500
5950.000000	54.187500
5956.005373	54.187500
5964.000335	53.703125
5970.008375	53.968750
5978.001338	53.968750
5984.012032	53.968750
5992.003004	53.109375
5998.016339	53.109375
6006.005328	53.109375
6012.021291	54.132812
6020.008306	54.132812
6026.026883	54.132812
6034.011932	53.718750
6040.033112	53.718750
6046.064836	54.203125
6054.039973	54.203125
6060.074257	54.203125
6068.047462	54.203125
6074.084293	54.203125
6082.055574	53.789062
6088.094940	53.093750
6096.064304	53.093750
6102.106194	53.093750
6110.073649	53.093750
6116.118050	53.093750
6124.083605	53.281250
6130.130504	52.687500
6138.094167	52.687500
6144.143553	52.687500
6152.105331	52.687500
6158.157192	52.687500
6166.117093	52.929688
6172.171417	52.843750
6180.129448	52.843750
6186.186224	52.843750
6194.142394	52.843750
6200.201610	52.843750
6208.155926	52.671875
6214.217569	52.492188
6222.170039	52.492188
6228.234100	52.492188
6236.184731	52.492188
6242.251196	52.492188
6250.199997	53.093750
6256.268856	53.023438
6264.215833	53.023438
6270.287075	53.023438
6278.232235	53.023438
6284.305849	53.023438
6292.249200	53.578125
6298.325174	53.062500
6306.266724	53.062500
6312.345048	53.062500
6320.284804	53.062500
6326.365465	53.062500
6334.303434	53.382812
6340.386424	53.031250
6346.479339	53.031250
6354.407919	53.031250
6360.503125	53.031250
6368.429948	53.031250
6374.527433	52.578125
6382.452507	52.703125
6388.552262	52.703125
6396.475592	52.703125
6402.577606	52.703125
6410.499201	52.703125
6416.603463	52.812500
6424.523329	53.601562
6430.629829	53.601562
6438.547973	53.601562
6444.656701	53.601562
6452.573130	53.601562
6458.684076	53.562500
6466.598797	53.632812
6472.711951	53.632812
6480.624970	53.632812
6486.740322	53.632812
6494.651646	53.632812
6500.769185	53.171875
6508.678821	53.429688
6514.798539	53.429688
6522.706493	53.429688
6528.828379	53.429688
6536.734659	53.429688
6542.858702	53.820312
6550.763314	53.132812
6556.889506	53.132812
6564.792457	53.132812
6570.920788	53.132812
6578.822083	53.132812
6584.952543	52.796875
6592.852190	52.179688
6598.984770	52.179688
6606.882775	52.179688
6613.017466	52.179688
6620.913834	52.179688
6627.050626	52.890625
6634.945365	52.851562
6641.084249	52.851562
6648.977365	52.851562
6655.118331	52.851562
6661.268648	52.578125
6669.152870	52.578125
6675.305236	52.578125
6683.187862	53.406250
6689.342270	53.406250
6697.223305	53.406250
6703.379745	52.921875
6711.259196	52.921875
6717.417659	52.921875
6725.295533	52.968750
6731.456009	52.968750
6739.332311	52.968750
6745.494793	53.312500
6753.369529	53.312500
6759.534008	53.312500
6767.407184	52.648438
6773.573651	52.648438
6781.445274	52.648438
6787.613719	53.906250
6795.483794	53.906250
6801.654211	53.906250
6809.522744	52.968750
6815.695122	52.968750
6823.562120	52.968750
6829.736452	53.031250
6837.601919	53.031250
6843.778196	53.031250
6851.642139	52.218750
6857.820353	52.218750
6865.682777	52.218750
6871.862921	52.890625
6879.723832	52.890625
6885.905895	52.890625
6893.765299	53.773438
6899.949275	53.593750
6907.807177	53.476562
6913.993058	53.476562
6921.849464	53.421875
6928.037240	53.281250
6935.892156	53.195312
6942.081820	53.195312
6949.935251	53.164062
6956.126796	53.007812
6962.327197	53.007812
6970.172164	53.007812
6976.374417	53.007812
6984.217923	53.031250
6990.422019	53.031250
6998.264070	53.023438
7004.470001	53.023438
7012.310604	53.023438
7018.518362	53.023438
7026.357520	52.757812
7032.567099	52.859375
7040.404818	52.859375
7046.616209	52.859375
7054.452495	52.859375
7060.665691	52.859375
7068.500548	52.851562
7074.715542	52.851562
7082.548976	52.789062
7088.765760	52.671875
7096.597776	52.640625
7102.816343	52.640625
7110.646947	52.570312
7116.867288	52.492188
7124.696485	52.492188
7130.918594	52.492188
7138.746389	52.484375
7144.970259	52.523438
7152.796656	52.562500
7159.022280	52.562500
7166.847285	52.632812
7173.074655	52.773438
7180.898273	52.828125
7187.127382	52.828125
7194.949618	52.945312
7201.180459	53.132812
7209.001318	53.187500
7215.233884	53.187500
7223.053371	53.296875
7229.287655	53.460938
7237.105775	53.484375
7243.341770	53.484375
7251.158528	53.539062
7257.396227	53.593750
7263.642337	53.601562
7271.451024	53.585938
7277.698812	53.554688
7285.506159	52.726562
7291.755619	52.726562
7299.561631	52.726562
7305.812754	52.781250
7313.617436	52.781250
7319.870217	52.781250
7327.673574	52.757812
7333.928006	52.757812
7341.730041	52.757812
7347.986119	52.679688
7355.786838	52.679688
7362.044553	52.679688
7369.843960	53.562500
7376.103307	53.562500
7383.901408	53.562500
7390.162380	52.648438
7397.959178	52.648438
7404.221769	52.648438
7412.017269	53.664062
7418.281472	53.703125
7426.075680	53.632812
7432.341488	53.101562
7440.134407	53.101562
7446.401816	53.101562
7454.193451	53.445312
7460.462452	53.445312
7468.252808	53.375000
7474.523396	53.351562
7482.312477	53.226562
7488.584646	53.226562
7496.372456	53.171875
7502.646200	53.132812
7510.432744	53.046875
7516.708056	53.046875
7524.493338	53.015625
7530.770213	53.007812
7538.554238	52.984375
7544.832669	52.984375
7552.615441	52.976562
7558.895422	52.992188
7565.183408	52.992188
7572.958471	53.000000
7579.247984	53.007812
7587.021814	53.007812
7593.312847	52.968750
7601.085449	52.968750
7607.377998	52.968750
7615.149375	52.968750
7621.443433	52.968750
7629.213590	52.968750
7635.509151	52.187500
7643.278093	52.187500
7649.575152	52.187500
7657.342881	52.148438
7663.641432	52.148438
7671.407954	52.148438
7677.707991	52.171875
7685.473310	52.171875
7691.774828	52.171875
7699.538947	52.093750
7705.841940	52.093750
7713.604864	52.093750
7719.909326	52.148438
7727.671059	52.132812
7733.976985	52.132812
7741.737531	52.101562
7748.044915	52.085938
7755.804278	52.093750
7762.113114	52.093750
7769.871299	52.109375
7776.181582	52.062500
7783.938592	52.085938
7790.250317	52.085938
7798.006155	52.125000
7804.319317	52.000000
7812.073988	52.039062
7818.388581	52.039062
7826.142089	52.109375
7832.458107	51.937500
7840.210456	51.992188
7846.527895	51.992188
7854.279088	52.093750
7860.597942	51.929688
7866.924431	51.929688
7874.668247	51.976562
7880.996130	51.875000
7888.738809	51.968750
7895.068081	51.968750
7902.809627	51.992188
7909.140282	51.960938
7916.880699	52.000000
7923.212732	52.000000
7930.952024	52.007812
7937.285430	52.007812
7945.023600	52.015625
7951.358375	52.015625
7959.095426	52.015625
7965.431564	52.023438
7973.167501	52.015625
7979.504997	52.015625
7987.239824	52.007812
7993.578673	52.015625
8001.312392	52.007812
8007.652590	52.007812
8015.385206	51.992188
8021.726747	52.007812
8029.458263	52.000000
8035.801142	52.000000
8043.531563	51.984375
8049.875775	52.039062
8057.605103	52.039062
8063.950645	52.039062
8071.678884	52.031250
8078.025749	52.140625
8085.752902	52.164062
8092.101087	52.164062
8099.827159	52.164062
8106.176657	52.304688
8113.901651	52.351562
8120.252459	52.351562
8127.976378	52.218750
8134.328491	52.382812
8142.051339	52.382812
8148.404752	52.382812
8156.126532	52.382812
8162.481240	52.382812
8168.843247	52.617188
8176.557956	52.656250
8182.921239	52.593750
8190.634896	52.601562
8196.999451	52.601562
8204.712061	52.617188
8211.077883	52.460938
8218.789449	52.460938
8225.156533	52.460938
8232.867058	52.468750
8239.235401	52.289062
8246.944889	52.289062
8253.314486	52.289062
8261.022939	52.289062
8267.393785	52.148438
8275.101208	52.148438
8281.473299	52.148438
8289.179694	52.148438
8295.553026	52.070312
8303.258397	52.070312
8309.632964	52.070312
8317.337314	52.070312
8323.713114	52.031250
8331.416446	52.031250
8337.793473	52.031250
8345.495791	52.031250
8351.874041	52.023438
8359.575348	52.023438
8365.954817	52.023438
8373.655116	52.031250
8380.035799	52.023438
8387.735094	52.031250
8394.116988	52.031250
8401.815280	52.039062
8408.198380	52.031250
8415.895674	52.039062
8422.279976	52.039062
8429.976275	52.046875
8436.361775	52.031250
8444.057082	52.031250
8450.443775	52.031250
8458.138093	52.039062
8464.525976	52.023438
8470.920847	52.023438
8478.608376	52.023438
8485.004420	52.031250
8492.690975	52.023438
8499.088186	52.023438
8506.773772	52.015625
8513.172147	52.015625
8520.856764	52.007812
8527.256300	52.007812
8534.939953	51.992188
8541.340644	51.992188
8549.023336	51.968750
8555.425179	51.968750
8563.106913	51.945312
8569.509904	51.953125
8577.190682	51.898438
8583.594818	51.898438
8591.274643	51.859375
8597.679920	51.906250
8605.358796	51.843750
8611.765208	51.843750
8619.443137	51.812500
8625.850683	51.929688
8633.527668	51.890625
8639.936342	51.890625
8647.612387	51.875000
8654.022186	52.039062
8661.697293	52.000000
8668.108213	52.000000
8675.782385	51.984375
8682.194423	52.125000
8689.867663	52.078125
8696.280814	52.078125
8703.953125	52.054688
8710.367386	52.125000
8718.038770	52.070312
8724.454138	52.070312
8732.124598	52.054688
8738.541068	52.070312
8746.210608	52.039062
8752.628177	52.039062
8760.296799	52.031250
8766.715462	52.039062
8773.140829	52.039062
8780.802925	52.031250
8787.229370	52.031250
8794.890562	52.039062
8801.318083	52.039062
8808.978374	52.054688
8815.406967	52.054688
8823.066360	52.070312
8829.496022	52.070312
8837.154519	52.109375
8843.585246	52.085938
8851.242851	52.101562
8857.674638	52.101562
8865.331353	52.125000
8871.764199	52.023438
8879.420026	52.007812
8885.853926	52.007812
8893.508869	51.968750
8899.943820	51.812500
8907.597880	51.773438
8914.033879	51.773438
8921.687060	51.695312
8928.124103	51.609375
8935.776407	51.601562
8942.214491	51.601562
8949.865921	51.585938
8956.305042	51.664062
8963.955600	51.718750
8970.395755	51.718750
8978.045444	51.828125
8984.486630	52.031250
8992.135453	52.148438
8998.577665	52.148438
9006.225625	52.390625
9012.668861	52.632812
9020.315959	52.796875
9026.760216	52.796875
9034.406455	53.117188
9040.851730	53.250000
9048.497113	53.375000
9054.943401	53.375000
9062.587931	53.625000
9069.035230	53.484375
9075.488968	53.484375
9083.127215	53.484375
9089.581949	53.140625
9097.219355	53.085938
9103.675082	53.023438
9111.311651	52.976562
9117.768367	52.539062
9125.404101	52.343750
9131.861804	52.343750
9139.496704	52.218750
9145.955390	51.906250
9153.589460	51.710938
9160.049127	51.710938
9167.682368	51.625000
9174.143012	51.484375
9181.775427	51.382812
9188.237045	51.382812
9195.868638	51.351562
9202.331226	51.359375
9209.961998	51.359375
9216.425554	51.359375
9224.055507	51.382812
9230.520029	51.578125
9238.149165	51.710938
9244.614649	51.710938
9252.242971	51.820312
9258.709413	52.210938
9266.336925	52.523438
9272.804322	52.523438
9280.431024	52.742188
9286.899375	53.179688
9294.525270	53.656250
9300.994570	53.656250
9308.619661	53.906250
9315.089908	52.929688
9322.714197	52.929688
9329.185388	52.929688
9336.808877	53.320312
9343.281008	53.320312
9350.903700	53.320312
9357.376769	53.601562
9364.998665	54.250000
9371.472670	53.265625
9377.952868	53.265625
9385.568709	53.320312
9392.049830	52.351562
9399.664888	52.382812
9406.146926	52.382812
9413.761204	52.445312
9420.244158	51.734375
9427.857657	51.773438
9434.341524	51.773438
9441.954247	51.851562
9448.439025	51.421875
9456.050973	51.453125
9462.536658	51.453125
9470.147834	51.515625
9476.634424	51.265625
9484.244830	51.273438
9490.732322	51.273438
9498.341961	51.281250
9504.830351	51.109375
9512.439225	51.078125
9518.928511	51.078125
9526.536621	51.023438
9533.026802	50.898438
9540.634151	50.843750
9547.125222	50.843750
9554.731812	50.742188
9561.223771	50.687500
9568.829605	50.640625
9575.322449	50.640625
9582.927528	50.546875
9589.421255	50.601562
9597.025581	50.578125
9603.520188	50.578125
9611.123764	50.523438
9617.619248	50.671875
9625.222075	50.656250
9631.718434	50.656250
9639.320515	50.617188
9645.817747	50.781250
9653.419083	50.750000
9659.917184	50.750000
9667.517779	50.679688
9674.016746	50.835938
9680.521680	50.835938
9688.116432	50.781250
9694.622221	50.953125
9702.216242	50.835938
9708.722882	50.835938
9716.316174	50.773438
9722.823664	50.960938
9730.416230	50.835938
9736.924566	50.835938
9744.516407	50.781250
9751.025587	50.960938
9758.616705	50.851562
9765.126727	50.851562
9772.717125	50.820312
9779.227986	50.929688
9786.817665	50.851562
9793.329362	50.851562
9800.918324	50.835938
9807.430856	50.835938
9815.019103	50.804688
9821.532467	50.804688
9829.120001	50.812500
9835.634194	50.742188
9843.221018	50.773438
9849.736037	50.773438
9857.322152	50.812500
9863.837995	50.750000
9871.423403	50.843750
9877.940069	50.843750
9885.524771	50.898438
9892.042256	50.843750
9899.626256	50.945312
9906.144558	50.945312
9913.727856	50.984375
9920.246973	50.875000
9927.829571	50.929688
9934.349501	50.929688
9941.931402	50.945312
9948.452141	50.765625
9956.033347	50.781250
9962.554893	50.781250
9970.135405	50.781250
9976.657757	50.578125
9983.185864	50.578125
9990.760732	50.578125
9997.289633	50.398438
10004.863817	50.406250
10011.393509	50.406250
10018.967013	50.414062
10025.497494	50.328125
10033.070318	50.351562
10039.601586	50.351562
10047.173732	50.398438
10053.705784	50.421875
10061.277255	50.460938
10067.810090	50.460938
10075.380886	50.539062
10081.914501	50.617188
10089.484625	50.640625
10096.019017	50.640625
10103.588471	50.687500
10110.123639	50.695312
10117.692425	50.671875
10124.228366	50.671875
10131.796484	50.632812
10138.333196	50.609375
10145.900650	50.570312
10152.438131	50.570312
10160.004921	50.500000
10166.543169	50.671875
10174.109298	50.664062
10180.648309	50.664062
10188.213779	50.648438
10194.753553	51.234375
10202.318364	51.273438
10208.858898	51.273438
10216.423053	51.343750
10222.964345	52.390625
10230.527846	52.492188
10237.069893	52.492188
10244.632741	52.703125
10251.175542	53.757812
10258.737739	53.757812
10265.281292	53.757812
10272.842839	53.523438
10279.387141	53.523438
10285.937002	55.781250
10293.493090	55.781250
10300.043689	55.781250
10307.599138	55.781250
10314.150474	55.781250
10321.705285	55.351562
10328.257355	56.101562
10335.811531	56.101562
10342.364333	56.101562
10349.917874	56.101562
10356.471407	56.101562
10364.024315	54.796875
10370.578576	55.117188
10378.130853	55.117188
10384.685840	55.117188
10392.237488	55.117188
10398.793199	55.117188
10406.344219	55.132812
10412.900653	56.218750
10420.451046	56.218750
10427.008200	56.218750
10434.557969	56.218750
10441.115841	56.218750
10448.664986	57.132812
10455.223575	57.570312
10462.772099	57.570312
10469.331402	57.570312
10476.879306	57.570312
10483.439321	57.570312
10490.986608	58.976562
10497.547333	59.882812
10505.094002	59.882812
10511.655436	59.882812
10519.201491	59.882812
10525.763630	59.882812
10533.309072	61.718750
10539.871916	62.757812
10547.416745	62.757812
10553.980292	62.757812
10561.524511	62.757812
10568.088758	62.757812
10575.632369	62.250000
10582.197314	61.437500
10588.767634	61.437500
10596.305960	61.437500
10602.876968	61.437500
10610.414695	61.437500
10616.986390	60.843750
10624.523519	60.890625
10631.095898	60.890625
10638.632431	60.890625
10645.205494	60.890625
10652.741431	60.890625
10659.315175	61.296875
10666.850519	61.492188
10673.424942	61.492188
10680.959695	61.492188
10687.534795	61.492188
10695.068957	61.492188
10701.644733	61.820312
10709.178306	61.226562
10715.754756	61.226562
10723.287742	61.226562
10729.864864	61.226562
10737.397264	61.226562
10743.975056	60.703125
10751.506871	59.726562
10758.085332	59.726562
10765.616564	59.726562
10772.195691	59.726562
10779.726342	59.726562
10786.306133	59.601562
10793.836204	59.507812
10800.416659	59.507812
10807.946151	59.507812
10814.527267	59.507812
10822.056182	59.507812
10828.637957	59.742188
10836.166296	59.820312
10842.748729	59.820312
10850.276494	59.820312
10856.859583	59.820312
10864.386775	59.820312
10870.970518	60.757812
10878.497139	60.718750
10885.081534	60.718750
10892.607585	60.718750
10899.192631	60.718750
10905.782870	61.453125
10913.303808	61.453125
10919.894688	61.453125
10927.415065	61.562500
10934.006585	61.562500
10941.526402	61.562500
10948.118560	62.289062
10955.637818	62.289062
10962.230612	62.289062
10969.749313	62.312500
10976.342742	62.312500
10983.860888	62.312500
10990.454950	63.226562
