0.000000	55.632812
10.000000	55.632812
14.142136	55.078125
22.360680	56.757812
28.284271	56.757812
36.055513	56.757812
42.426407	56.757812
50.000000	56.757812
56.568542	58.398438
64.031242	58.632812
72.111026	58.632812
78.102497	58.632812
86.023253	58.632812
92.195445	58.632812
100.000000	58.898438
106.301458	60.109375
114.017543	60.109375
120.415946	60.109375
128.062485	60.109375
134.536240	60.109375
142.126704	59.390625
150.000000	59.390625
156.204994	60.757812
164.012195	60.757812
170.293864	60.757812
178.044938	60.382812
184.390889	60.382812
192.093727	60.382812
198.494332	59.453125
206.155281	59.453125
212.602916	59.453125
220.227155	59.453125
228.035085	36.250000
234.307490	36.125000
242.074369	36.039062
248.394847	35.914062
256.124969	35.828125
262.488095	35.945312
270.185122	36.187500
276.586334	36.750000
284.253408	37.046875
290.688837	37.609375
298.328678	37.906250
306.104557	38.187500
312.409987	38.750000
320.156212	38.773438
326.496554	38.695312
334.215499	38.687500
340.587727	38.671875
348.281495	38.664062
354.682957	38.648438
362.353419	38.640625
368.781778	38.195312
376.430604	36.367188
384.187454	34.828125
390.512484	34.609375
398.246155	34.515625
404.598566	34.515625
412.310563	34.453125
418.688428	33.500000
426.380112	32.859375
432.781700	32.484375
440.454311	32.289062
446.878059	31.882812
454.532727	32.039062
462.276973	32.359375
468.614981	32.929688
476.340215	33.445312
482.700735	33.906250
490.407993	34.203125
496.789694	34.273438
504.479930	34.359375
510.881591	34.171875
518.555686	34.031250
524.976190	33.976562
532.634959	33.953125
540.370243	33.937500
546.717477	34.062500
554.436651	34.171875
560.802996	34.421875
568.506816	34.562500
574.891294	34.546875
582.580467	34.492188
588.982173	34.437500
596.657356	34.484375
603.075451	34.281250
610.737259	34.085938
618.465844	33.976562
624.819974	33.828125
632.534584	33.710938
638.905314	33.500000
646.606526	33.343750
652.993109	33.210938
660.681466	33.078125
667.083203	33.062500
674.759216	33.015625
681.175455	33.359375
688.839604	33.390625
696.562991	33.390625
702.922471	33.578125
710.633520	33.546875
717.007671	33.500000
724.706837	33.234375
731.095069	33.062500
738.782783	33.093750
745.184541	33.062500
752.861209	33.031250
759.275971	32.906250
766.941980	32.710938
774.661216	32.609375
781.024968	32.632812
788.733161	32.601562
795.110055	32.429688
802.807573	32.328125
809.197133	32.164062
816.884325	32.195312
823.286099	32.507812
830.963296	32.460938
837.376857	32.468750
845.044378	32.382812
851.469318	32.406250
859.127464	32.218750
866.833317	32.000000
873.212460	31.914062
880.908622	31.820312
887.299273	31.890625
894.986033	31.742188
901.387819	31.757812
909.065454	31.562500
915.478017	31.609375
923.146792	31.453125
929.569793	31.476562
937.229961	31.304688
944.933860	31.132812
951.314880	31.093750
959.009906	30.890625
965.401471	30.835938
973.087869	30.664062
979.489663	30.664062
987.167666	30.546875
993.579388	30.546875
1001.249220	30.406250
1007.670581	30.382812
1015.332458	30.296875
1023.034701	30.218750
1029.417311	30.195312
1037.111373	30.101562
1043.503713	30.125000
1051.189802	30.054688
1057.591604	30.078125
1065.269919	30.000000
1071.680923	30.023438
1079.351657	29.953125
1085.771615	29.976562
1093.434955	29.906250
1101.135777	29.937500
1107.519752	29.968750
1115.212984	30.101562
1121.605991	30.187500
1129.291813	30.320312
1135.693621	30.453125
1143.372205	30.585938
1149.782588	30.664062
1157.454103	30.781250
1163.872845	30.835938
1171.537451	30.914062
1179.237041	31.015625
1185.622200	31.179688
1193.314711	31.289062
1199.708298	31.406250
1207.393888	31.492188
1213.795699	31.640625
1221.474519	31.671875
1227.884359	31.781250
1235.556555	31.859375
1241.974235	31.976562
1249.639948	32.101562
1257.338459	32.250000
1263.724654	32.367188
1271.416533	32.515625
1277.810628	32.632812
1285.496013	32.734375
1291.897829	32.718750
1299.576854	32.843750
1305.986217	32.984375
1313.659012	33.140625
1320.075755	33.187500
1327.742445	33.273438
1335.440002	33.359375
1341.827113	33.460938
1349.518433	33.546875
1355.912977	33.617188
1363.598181	33.945312
1370.000000	33.976562
1377.679208	33.992188
1384.088147	33.976562
1391.761474	34.046875
1398.177385	34.117188
1405.844942	34.226562
1413.541651	34.437500
1419.929576	34.578125
1427.620398	34.671875
1434.015342	34.648438
1441.700385	34.914062
1448.102206	34.820312
1455.781577	34.859375
1462.190138	34.843750
1469.863939	35.257812
1476.279106	35.296875
1483.947438	35.851562
1491.643389	36.742188
1498.032042	37.078125
1505.722418	37.382812
1512.117720	37.539062
1519.802619	38.148438
1526.204442	38.554688
1533.883959	39.390625
1540.292180	39.820312
1547.966408	40.632812
1554.380906	40.914062
1562.049935	40.929688
1569.745202	40.921875
1576.134512	40.953125
1583.824485	40.945312
1590.220111	40.968750
1597.904878	40.968750
1604.306704	40.992188
1611.986352	44.000000
1618.394266	44.000000
1626.068879	44.000000
1632.482772	45.617188
1640.152432	45.617188
1647.847080	47.523438
1654.236984	47.523438
1661.926593	47.523438
1668.322511	47.523438
1676.007160	48.156250
1682.408987	47.281250
1690.088755	47.281250
1696.496390	47.281250
1704.171353	47.281250
1710.584695	47.281250
1718.254929	46.687500
1725.949014	46.687500
1732.339459	45.843750
1740.028735	45.843750
1746.424920	45.843750
1754.109461	45.523438
1760.511289	45.523438
1768.191166	45.523438
1774.598546	45.062500
1782.273829	45.062500
1788.686669	45.062500
1796.357425	44.859375
1804.050997	44.859375
1810.441935	44.859375
1818.130908	44.859375
1824.527336	44.859375
1832.211778	44.742188
1838.613608	44.742188
1846.293584	44.742188
1852.700731	44.742188
1860.376306	44.742188
1866.788686	45.242188
1874.459922	45.312500
1882.153022	45.312500
1888.544413	45.312500
1896.233108	45.312500
1902.629759	45.312500
1910.314110	45.187500
1916.715941	44.992188
1924.396009	44.992188
1930.802942	44.992188
1938.478785	44.992188
1944.890742	44.992188
1952.562419	48.507812
1960.255085	48.507812
1966.646893	49.859375
1974.335331	49.859375
1980.732188	49.859375
1988.416455	50.820312
1994.818287	50.820312
2002.498439	50.820312
2008.905174	47.171875
2016.581265	47.171875
2022.992832	47.171875
2030.664916	45.351562
2038.357182	45.351562
2044.749373	45.351562
2052.437575	45.351562
2058.834622	44.289062
2066.518812	44.781250
2072.920645	44.781250
2080.600875	44.781250
2087.007427	44.781250
2094.683747	44.781250
2101.094953	44.703125
2108.767412	45.132812
2116.459307	45.132812
2122.851855	45.132812
2130.539838	45.132812
2136.937060	45.132812
2144.621179	45.257812
2151.023012	45.070312
2158.703314	45.070312
2165.109697	45.070312
2172.786230	45.070312
2179.197100	45.070312
2186.869909	45.750000
2194.561460	45.750000
2200.954338	49.093750
2208.642117	49.093750
2215.039503	49.093750
2222.723555	48.000000
2229.125389	48.000000
2236.805758	48.000000
2243.211983	47.343750
2250.888713	47.343750
2257.299271	47.343750
2264.972406	46.257812
2272.663635	46.257812
2279.056822	46.257812
2286.744411	46.257812
2293.141949	45.328125
2300.825939	45.609375
2307.227774	45.609375
2314.908206	45.609375
2321.314283	45.609375
2328.991198	45.609375
2335.401464	45.828125
2343.074903	46.648438
2350.765833	46.648438
2357.159307	46.648438
2364.846718	46.648438
2371.244399	46.648438
2378.928330	46.421875
2385.330166	48.632812
2393.010656	48.632812
2399.416596	48.632812
2407.093683	48.632812
2413.503677	48.632812
2421.177400	51.382812
2427.591399	52.140625
2435.261793	52.140625
2442.949038	52.140625
2449.346852	52.140625
2457.030728	53.242188
2463.432565	53.242188
2471.113110	53.242188
2477.518920	50.437500
2485.196169	50.437500
2491.605908	50.437500
2499.279896	51.601562
2505.693517	51.601562
2513.364279	51.601562
2521.051368	51.601562
2527.449307	53.132812
2535.133133	55.960938
2541.534969	55.960938
2549.215566	55.960938
2555.621255	55.960938
2563.298656	55.960938
2569.708155	55.921875
2577.382393	54.781250
2583.795658	54.781250
2591.466766	54.781250
2599.153708	54.781250
2605.551765	54.781250
