0.000000	18.539062
10.000000	18.539062
14.142136	18.718750
22.360680	19.031250
28.284271	19.031250
36.055513	19.031250
42.426407	19.031250
50.000000	19.031250
56.568542	18.937500
64.031242	12.882812
72.111026	12.023438
78.102497	11.281250
86.023253	10.335938
92.195445	9.593750
100.000000	8.648438
106.301458	7.898438
114.017543	6.960938
120.415946	6.062500
128.062485	5.257812
134.536240	3.953125
142.126704	3.171875
150.000000	2.406250
156.204994	0.859375
164.012195	0.445312
170.293864	-0.328125
178.044938	-0.171875
184.390889	0.031250
192.093727	0.320312
198.494332	0.703125
206.155281	0.960938
214.009346	1.328125
220.227155	1.523438
228.035085	2.046875
234.307490	2.273438
242.074369	2.757812
248.394847	3.039062
256.124969	3.593750
262.488095	3.757812
270.185122	4.484375
276.586334	4.757812
284.253408	5.242188
292.061637	5.351562
298.328678	5.835938
306.104557	5.796875
312.409987	6.335938
320.156212	6.296875
326.496554	6.585938
334.215499	7.234375
340.587727	7.343750
348.281495	8.117188
356.089876	8.382812
362.353419	8.648438
370.135110	8.359375
376.430604	8.804688
384.187454	8.609375
390.512484	8.960938
398.246155	9.156250
404.598566	9.445312
412.310563	9.757812
418.688428	10.070312
426.380112	10.312500
434.165867	10.726562
440.454311	10.906250
448.218697	11.492188
454.532727	11.625000
462.276973	12.078125
468.614981	12.140625
476.340215	12.187500
482.700735	12.195312
490.407993	12.023438
498.196748	11.843750
504.479930	11.796875
512.249939	12.203125
518.555686	12.070312
526.307895	12.421875
532.634959	12.406250
540.370243	12.554688
546.717477	12.554688
554.436651	12.695312
560.802996	12.773438
568.506816	13.039062
576.281181	13.328125
582.580467	13.335938
590.338886	13.695312
596.657356	13.789062
604.400529	14.179688
610.737259	14.351562
618.465844	14.625000
624.819974	14.828125
632.534584	15.000000
640.312424	14.890625
646.606526	15.000000
654.369926	14.875000
660.681466	15.000000
668.430999	15.000000
674.759216	15.000000
682.495421	15.000000
690.289794	15.000000
696.562991	15.000000
704.343666	15.000000
712.179753	16.382812
720.069441	16.437500
726.223106	19.312500
734.098086	19.312500
742.024258	22.210938
750.000000	22.210938
756.042327	23.500000
764.002618	23.500000
772.010363	22.492188
780.064100	22.492188
786.002545	22.492188
794.040301	22.492188
802.122185	21.367188
810.246876	21.367188
816.088231	21.367188
824.196578	21.367188
832.346082	20.570312
840.535544	20.570312
846.286004	22.289062
854.458893	22.289062
862.670273	22.039062
870.919055	22.039062
876.584280	22.039062
884.816365	22.039062
893.084542	25.523438
901.387819	25.523438
906.972987	25.523438
915.259526	25.523438
923.579991	27.851562
931.933474	27.851562
937.443332	28.656250
945.780101	29.656250
954.148835	29.656250
962.548700	29.656250
967.987603	29.656250
976.370831	29.562500
984.784240	29.562500
993.227064	29.562500
998.599019	29.562500
1007.025322	29.703125
1015.480182	29.703125
1023.962890	29.703125
1029.271587	29.679688
1037.737925	30.093750
1046.231332	30.093750
1054.751155	30.093750
1060.000000	30.093750
1068.503627	31.296875
1077.032961	31.296875
1085.587399	31.296875
1090.779538	31.296875
1099.317970	30.851562
1107.880860	30.851562
1116.467644	30.851562
1121.605991	30.648438
1130.176977	29.898438
1138.771268	29.898438
1143.896848	29.898438
1152.475596	29.898438
1161.077086	28.148438
1169.700816	28.148438
1174.776575	28.148438
1183.384975	28.148438
1192.015101	27.953125
1200.666482	27.953125
1205.694820	27.648438
1214.331092	27.648438
1222.988144	27.500000
1231.665539	27.500000
1236.648697	27.500000
1245.311206	27.500000
1253.993620	27.101562
1262.695529	27.101562
1267.635594	27.101562
1276.322843	27.101562
1285.029183	26.218750
1293.754227	26.218750
1298.653148	25.632812
1307.363760	25.632812
1316.092702	26.226562
1324.839613	26.226562
1329.699214	26.226562
1338.431918	26.226562
1347.182245	27.070312
1355.949852	27.070312
1360.771840	27.070312
1369.525465	27.070312
1378.296049	28.210938
1387.083271	28.210938
1391.869247	29.453125
1400.642710	29.453125
1409.432510	29.312500
1418.238344	29.312500
1422.989810	29.312500
1431.782106	29.312500
1440.590157	29.140625
1449.413675	29.140625
1454.132044	29.140625
1462.942241	29.140625
1471.767645	28.593750
1480.607983	28.593750
1485.294584	25.828125
1494.121816	25.828125
1502.963739	24.429688
1511.820095	24.429688
1520.690633	24.429688
1529.575104	26.601562
1538.473269	26.601562
1547.384891	26.601562
1556.309738	25.179688
1565.247584	25.179688
1574.198209	25.179688
1583.161394	24.062500
1592.136929	24.062500
1601.124605	24.062500
1610.124219	23.093750
1619.135572	23.093750
1628.158469	23.093750
1637.192719	22.640625
1646.238136	22.640625
1655.294536	22.640625
1664.361740	22.132812
1673.439572	22.132812
1682.527860	22.132812
1687.512963	21.562500
1691.626436	22.273438
1696.643746	21.562500
1705.784277	21.562500
1714.934401	21.781250
1724.093965	21.781250
1733.262819	21.781250
1742.440817	22.093750
1751.627814	22.093750
1760.823671	22.093750
1770.028248	23.000000
1779.241411	23.000000
1788.463027	23.000000
1797.692966	24.390625
1806.931100	24.390625
1816.177304	24.390625
1825.431456	24.593750
1834.693435	24.593750
1843.963123	24.593750
1853.240405	24.203125
1862.525168	24.203125
1871.817299	24.203125
1881.116690	23.226562
1890.423233	23.226562
1899.736824	23.226562
1909.057359	22.390625
1918.384737	22.390625
1927.718859	22.390625
1937.059627	22.039062
1946.406946	22.039062
1955.760722	22.039062
1965.120861	20.898438
1974.487275	20.898438
1983.859874	20.898438
1993.238571	19.718750
2002.623280	19.718750
2012.013916	19.718750
2021.410399	18.820312
2030.812645	18.820312
2040.220576	18.820312
2049.634114	17.953125
2059.053180	17.953125
2068.477701	17.953125
2077.907601	17.953125
2087.342808	17.953125
2096.783251	17.953125
2106.228857	18.953125
2115.679560	18.953125
2125.135290	18.953125
2134.595981	21.882812
2144.061566	21.882812
2153.531983	21.882812
2163.007166	19.781250
2172.487054	19.781250
2181.971586	19.781250
2191.460700	18.843750
2200.954338	18.843750
2210.452442	18.843750
2219.954954	18.351562
2229.461818	18.351562
2238.972979	18.351562
2248.488381	19.718750
2258.007972	19.718750
2267.531698	19.718750
2277.059507	20.132812
2286.591350	20.132812
2296.127174	20.132812
2305.666932	17.843750
2315.210574	17.843750
2324.758052	17.843750
2334.309320	16.382812
2343.864331	16.382812
2353.423039	16.382812
2362.985400	17.242188
2372.551369	17.242188
2382.120904	17.242188
2391.693960	17.523438
2401.270497	17.523438
2410.850472	17.523438
2420.433845	17.460938
2430.020576	17.460938
2439.610625	17.460938
2449.203952	16.296875
2458.800521	16.296875
2468.400292	16.296875
2478.003228	15.937500
2487.609294	11.835938
2497.218453	11.664062
2506.830668	11.484375
2516.445906	11.296875
2526.064132	10.171875
2535.685312	8.765625
2545.309411	8.078125
2554.936398	7.906250
2564.566240	7.929688
2574.198905	8.125000
2583.834360	8.187500
2593.472576	8.242188
2600.480725	8.281250
2603.113520	8.273438
2610.134096	8.187500
2619.790068	7.984375
2629.448611	7.953125
2639.109698	7.656250
2648.773301	7.125000
2658.439392	6.820312
2668.107944	6.710938
2675.256997	6.453125
2677.778930	6.546875
2684.939478	6.398438
2694.624278	6.351562
2704.311373	6.312500
2714.000737	6.312500
2723.692347	6.437500
2733.386178	6.500000
2740.656856	6.484375
2743.082208	6.500000
2750.363612	6.406250
2760.072463	6.281250
2769.783385	6.046875
2779.496357	5.773438
2789.211358	5.531250
2798.928366	5.414062
2808.647361	5.375000
2816.043324	5.289062
2818.368322	5.398438
2825.774230	5.468750
2835.507009	5.625000
2845.241642	5.953125
2854.978108	6.156250
2864.716391	6.265625
2874.456470	6.500000
2881.961138	6.601562
2884.198329	6.640625
2891.712296	6.773438
2901.465147	7.007812
2911.219676	7.343750
2920.975864	7.601562
2930.733697	7.687500
2940.493156	7.781250
2948.101084	7.851562
2950.254226	7.875000
2957.870856	7.921875
2967.642162	7.929688
2977.414986	7.750000
2987.189314	7.546875
2996.965132	7.406250
3006.742423	7.343750
3016.521175	7.265625
3024.235441	7.062500
3026.301373	7.148438
3034.023731	6.687500
3043.813398	6.203125
3053.604428	5.859375
3063.396807	5.625000
3073.190525	5.445312
3082.985566	5.234375
3090.792779	4.859375
3092.781919	4.921875
3100.596717	4.562500
3110.401903	4.359375
3120.208326	4.234375
3130.015974	4.070312
3139.824836	3.843750
3149.634899	3.632812
3157.530681	3.406250
3159.446154	3.437500
3167.349049	3.179688
3177.168551	2.921875
3186.989175	2.750000
3196.810911	2.632812
3206.633749	2.523438
3216.457679	2.421875
3226.282691	2.289062
3236.108774	2.125000
3245.935921	1.960938
3253.936078	1.710938
3255.764119	1.773438
3263.770825	1.523438
3273.606574	1.359375
3283.443315	1.210938
3293.281039	1.023438
3303.119737	0.828125
3312.959402	0.695312
3322.800024	0.570312
3332.641595	0.414062
3342.484106	0.343750
3352.327550	0.281250
3360.431520	0.023438
3362.171917	0.148438
3370.281887	-0.078125
3380.133133	-0.140625
3389.985251	-0.281250
3399.838231	-0.679688
3409.692068	-1.164062
3419.546754	-1.523438
3429.402280	-1.914062
3439.258641	-2.367188
3449.115829	-2.726562
3457.311094	-3.078125
3458.973836	-2.937500
3467.174642	-3.242188
3477.038970	-3.421875
3486.904071	-3.554688
3496.769938	-3.664062
3506.636565	-3.835938
3516.503946	-4.031250
3526.372073	-4.164062
3536.240942	-4.304688
3546.110545	-4.453125
3554.391650	-4.726562
3555.980877	-4.632812
3564.267106	-4.976562
3574.143254	-5.375000
3584.020089	-5.828125
3593.897606	-6.132812
3603.775798	-6.296875
3613.654660	-6.523438
3623.534186	-6.867188
3633.414372	-7.296875
3643.295212	-7.609375
3651.657158	-7.796875
3653.176700	-7.773438
3661.543390	-7.640625
3671.430239	-6.796875
3681.317699	-5.820312
3691.205765	-4.789062
3701.094433	-3.320312
3710.983697	-1.273438
3720.873553	0.875000
3730.763997	2.578125
3740.655023	4.343750
3750.546627	7.406250
3758.989226	10.648438
3760.438804	10.710938
3768.885777	12.507812
3778.782873	13.132812
3788.680509	13.257812
3798.578682	13.281250
3808.477386	13.312500
3818.376618	13.335938
3828.276375	13.367188
3838.176650	24.320312
3848.077442	22.703125
3857.978745	22.703125
3867.880557	22.703125
3876.402972	18.968750
3877.782872	18.968750
3886.309303	18.968750
3896.216113	18.968750
3906.123398	18.476562
3916.031154	18.476562
3925.939378	18.476562
3935.848066	18.062500
