0.000000	37.929688
10.000000	37.687500
20.000000	37.687500
30.000000	37.687500
40.000000	40.226562
50.000000	40.226562
60.000000	40.226562
70.000000	39.359375
80.000000	39.359375
90.000000	39.359375
100.000000	33.687500
110.000000	33.687500
120.000000	33.687500
130.000000	29.398438
140.000000	29.398438
150.000000	29.398438
160.000000	27.312500
170.000000	27.312500
180.000000	27.312500
190.000000	27.367188
200.000000	27.367188
210.000000	27.367188
220.000000	27.023438
230.000000	27.023438
240.000000	27.023438
250.000000	27.101562
260.000000	27.101562
270.000000	27.101562
280.000000	26.320312
290.000000	26.320312
300.000000	26.320312
310.000000	26.453125
320.000000	26.453125
330.000000	26.453125
340.000000	26.671875
350.000000	26.671875
360.000000	26.671875
370.000000	28.117188
380.000000	28.117188
390.000000	28.117188
400.000000	28.671875
410.000000	28.671875
420.000000	28.671875
430.000000	28.843750
440.000000	28.843750
450.000000	28.843750
460.000000	26.718750
470.000000	26.718750
480.000000	26.718750
480.104155	26.718750
490.102030	27.156250
500.099990	26.976562
510.098030	26.726562
520.096145	26.398438
530.094331	26.203125
540.092585	26.203125
550.090902	26.203125
560.089279	26.203125
570.087713	26.203125
580.086200	26.203125
590.084740	26.203125
600.083328	26.000000
610.081962	26.000000
620.080640	25.835938
630.079360	25.226562
640.078120	24.578125
650.076919	23.921875
660.075753	16.093750
670.074623	12.625000
680.073525	11.820312
690.072460	10.757812
700.071425	10.203125
710.070419	9.789062
720.069441	9.351562
730.068490	9.281250
740.067564	9.429688
750.066664	9.382812
760.065787	9.296875
770.064932	9.367188
780.064100	9.320312
790.063289	9.218750
800.062498	9.046875
810.061726	9.054688
810.246876	9.085938
820.243866	9.125000
830.240929	9.257812
840.238062	9.453125
850.235262	9.484375
860.232527	9.406250
870.229855	9.421875
880.227243	9.531250
890.224691	9.625000
900.222195	9.742188
910.219754	9.789062
920.217366	9.828125
930.215029	9.890625
930.483745	9.906250
940.478602	9.945312
950.473566	9.992188
960.468636	10.085938
970.463807	10.117188
980.459076	10.148438
990.454441	10.187500
1000.449899	10.109375
1010.445446	10.171875
1020.441081	10.203125
1030.436801	10.304688
1040.432602	10.320312
1050.428484	10.328125
1060.424443	10.390625
1060.754448	10.421875
1070.747403	10.429688
1080.740487	10.492188
1090.733698	10.671875
1100.727032	10.726562
1110.720487	10.750000
1120.714058	10.804688
1130.707743	10.835938
1140.701539	10.875000
1150.695442	10.773438
1160.689450	10.843750
1170.683561	10.968750
1180.677771	11.109375
1181.058847	11.132812
1191.049957	11.242188
1201.041215	11.328125
1211.032617	11.390625
1221.024160	11.507812
1231.015841	11.562500
1241.007655	11.617188
1250.999600	11.703125
1260.991673	11.734375
1270.983871	11.718750
1280.976190	11.695312
1290.968629	11.757812
1300.961183	11.796875
1310.953851	11.835938
1320.946630	11.882812
1330.939518	11.851562
1340.932511	11.804688
1350.925609	11.812500
1360.918807	11.851562
1370.912105	12.023438
1380.905500	12.242188
1390.898990	12.289062
1400.892573	12.289062
1410.886246	12.375000
1420.880009	12.398438
1430.873859	12.359375
1440.867794	12.234375
1450.861813	11.992188
1460.855913	12.101562
1470.850094	12.476562
1480.844354	12.640625
1481.215717	12.671875
1491.207564	12.601562
1501.199520	12.593750
1511.191583	12.757812
1521.183750	12.562500
1531.176019	12.617188
1541.168388	12.828125
1551.160856	12.812500
1561.153420	12.906250
1571.146079	12.828125
1581.138830	12.804688
1591.131673	12.882812
1601.124605	12.828125
1611.117625	12.875000
1621.110730	12.859375
1631.103921	12.859375
1641.097194	12.976562
1651.090549	12.945312
1661.083983	12.812500
1671.077497	12.773438
1681.071087	12.750000
1691.064753	12.671875
1701.058494	12.531250
1711.052308	12.515625
1721.046193	12.585938
1731.040150	12.632812
1741.034175	12.687500
1751.028269	12.812500
1761.022430	12.937500
1771.016657	13.062500
1781.010949	13.164062
1791.005304	13.210938
1800.999722	13.250000
1810.994202	13.296875
1820.988742	13.328125
1821.345656	13.328125
1831.338308	13.382812
1841.331040	13.429688
1851.323851	13.492188
1861.316738	13.578125
1871.309702	13.679688
1881.302740	13.781250
1891.295852	13.914062
1901.289036	14.046875
1911.282292	14.218750
1921.275618	14.460938
1930.932417	14.687500
1931.269013	14.710938
1940.927613	14.890625
1950.922859	15.062500
1960.918152	15.156250
1970.913494	15.171875
1971.243263	15.156250
1981.236987	15.093750
1991.230775	15.125000
2001.224625	15.203125
2011.218536	15.289062
2021.212507	15.429688
2031.206538	16.484375
2041.200627	21.796875
2051.194774	22.773438
2060.873601	23.828125
2061.188977	24.476562
2070.869383	25.398438
2080.865205	25.976562
2090.861067	25.976562
2100.856968	25.171875
2110.852908	25.171875
2120.848887	25.171875
2130.844903	24.703125
2140.840956	24.703125
2150.837046	24.703125
2160.833173	24.929688
2170.829335	24.929688
2180.825532	24.929688
2190.570702	26.132812
2190.821764	26.156250
2200.568108	26.132812
2210.565538	26.132812
2220.562992	27.039062
2230.560468	26.390625
2240.557966	25.734375
2250.555487	25.132812
2260.553030	24.484375
2270.550594	23.828125
2280.548180	23.304688
2290.545786	23.593750
2300.543414	23.914062
2310.541062	24.125000
2320.538731	24.414062
2330.343322	24.578125
2330.536419	24.742188
2340.341855	25.101562
2350.340401	26.953125
2360.338959	28.531250
2370.337529	26.117188
2380.336111	26.117188
2390.334705	26.117188
2400.333310	26.250000
2410.331927	26.250000
2420.330556	26.250000
2430.329196	26.867188
2440.327847	26.867188
2450.326509	26.867188
2460.182920	27.757812
2460.325182	26.781250
2470.182180	27.648438
2480.181445	27.648438
2490.180716	26.992188
2500.179994	26.992188
2510.179276	26.992188
2520.178565	26.710938
2530.177859	26.710938
2540.177159	26.710938
2550.176464	26.500000
2560.175775	26.500000
2570.175091	26.500000
2580.174413	27.179688
2590.077219	27.507812
2590.173739	27.179688
2600.076922	27.507812
2610.076627	29.609375
2620.076335	29.609375
2630.076045	29.609375
2640.075756	31.640625
2650.075471	31.640625
2660.075187	31.640625
2670.074905	32.312500
2680.074626	32.312500
2690.074348	32.312500
2700.074073	32.968750
2710.073800	32.968750
2720.073528	32.968750
2730.018315	32.039062
2730.073259	32.039062
2740.018248	31.773438
