0.000000	46.781250
10.000000	46.187500
20.000000	46.187500
22.360680	46.156250
31.622777	46.117188
36.055513	46.117188
44.721360	46.117188
53.851648	46.117188
58.309519	46.117188
67.082039	41.062500
76.157731	32.773438
80.622577	32.468750
89.442719	32.523438
98.488578	32.578125
102.956301	32.609375
111.803399	32.664062
120.830460	32.726562
125.299641	32.750000
134.164079	32.804688
143.178211	32.867188
147.648231	32.890625
156.524758	32.945312
161.245155	32.976562
170.000000	35.070312
178.885438	34.281250
183.575598	33.890625
192.353841	33.828125
201.246118	33.859375
205.912603	33.820312
214.709106	33.960938
223.606798	34.101562
228.254244	34.062500
237.065392	34.156250
245.967478	34.257812
250.599282	34.242188
259.422435	34.476562
264.196896	34.460938
272.946881	34.648438
281.780056	34.632812
286.530976	34.382812
295.296461	33.718750
304.138127	33.335938
308.868904	33.359375
317.647603	33.789062
326.496554	33.515625
331.209903	33.367188
340.000000	33.578125
348.855271	33.882812
353.553391	33.921875
362.353419	33.945312
367.151195	33.867188
375.898923	33.898438
384.707681	33.695312
389.486842	33.437500
398.246155	33.125000
407.062649	33.218750
411.825206	33.437500
420.594817	33.796875
429.418211	33.835938
434.165867	33.734375
442.944692	33.593750
451.774280	33.812500
456.508488	33.945312
465.295605	34.085938
470.106371	34.062500
478.852796	33.937500
487.647414	33.906250
492.442890	33.945312
501.198563	34.000000
510.000000	33.898438
514.781507	33.742188
523.545605	33.632812
532.353266	33.390625
537.121960	33.273438
545.893763	34.078125
554.707130	33.765625
559.464029	33.781250
568.242906	33.710938
573.061951	33.703125
581.807528	33.640625
590.592922	33.531250
595.399026	33.421875
604.152299	33.343750
612.943717	33.109375
617.737808	32.843750
626.498204	32.085938
635.295207	31.445312
640.078120	31.242188
648.845128	31.031250
657.647322	30.992188
662.419806	30.890625
671.192968	30.906250
676.017751	30.687500
684.762733	30.429688
693.541635	29.968750
698.355210	29.343750
707.106781	28.445312
715.891053	27.398438
720.694110	26.273438
729.451849	26.070312
738.241153	25.257812
743.034320	24.226562
751.797845	24.007812
760.591875	23.664062
765.375725	23.281250
774.144689	23.375000
782.943165	23.414062
787.718224	23.210938
796.492310	23.351562
801.311425	23.304688
810.061726	23.359375
818.840644	23.257812
823.650411	23.023438
832.406151	23.078125
841.189634	23.257812
845.990544	23.226562
854.751426	23.304688
863.539229	23.273438
868.331734	23.218750
877.097486	23.132812
885.889384	23.460938
890.673902	23.789062
899.444273	24.046875
904.267659	23.953125
913.016977	23.726562
921.791734	23.617188
926.606713	23.812500
935.360893	24.210938
944.139820	24.734375
948.946785	24.921875
957.705592	25.023438
966.488489	25.031250
971.287805	24.984375
980.051019	24.929688
988.837702	24.710938
993.629710	24.640625
1002.397127	24.328125
1007.223908	24.359375
1015.972441	24.250000
1024.743870	24.312500
1029.563014	24.476562
1038.315944	24.382812
1047.091209	24.156250
1051.903037	24.101562
1060.660172	23.703125
1069.439105	23.320312
1074.243920	23.617188
1083.005078	23.937500
1091.787525	24.515625
1100.590750	25.000000
1109.414260	25.164062
1114.136437	25.140625
1122.942563	25.195312
1131.768528	25.312500
1140.613870	25.289062
1149.478142	25.335938
1154.123044	25.273438
1162.970335	25.375000
1171.836166	25.476562
1180.720119	25.437500
1189.621789	25.093750
1198.540779	24.640625
1203.079382	24.976562
1211.981848	24.437500
1220.901306	24.210938
1229.837388	23.976562
1238.789732	23.742188
1247.757989	23.484375
1252.198067	23.617188
1261.150269	23.890625
1270.118105	24.382812
1279.101247	24.296875
1288.099375	24.093750
1292.478240	24.585938
1301.460718	24.765625
1310.457935	24.734375
1319.469590	24.890625
1328.495390	25.046875
1337.535046	25.054688
1341.827113	25.210938
1350.851583	25.539062
1359.889701	25.617188
1368.941197	26.039062
1378.005806	26.546875
1382.244551	26.640625
1391.294361	26.625000
1400.357097	26.460938
1409.432510	26.320312
1418.520356	26.343750
1427.620398	26.296875
1431.782106	26.304688
1440.867794	26.046875
1449.965517	25.929688
1459.075049	26.140625
1468.196172	26.250000
1477.328670	25.945312
1486.472334	25.953125
1491.643389	26.148438
1495.626959	26.179688
1500.833102	26.218750
1510.033112	26.062500
1519.243233	25.875000
1528.463281	25.921875
1537.693077	26.031250
1546.932448	25.937500
1556.181223	25.976562
1561.697794	26.148438
1565.439235	26.109375
1570.986951	26.031250
1580.284784	25.898438
1589.591142	26.093750
1598.905876	26.406250
1608.228839	26.179688
1617.559891	26.054688
1623.360712	26.281250
1626.898891	26.382812
1632.727779	26.390625
1642.102311	26.335938
1651.484181	26.148438
1660.873264	26.218750
1670.269439	26.492188
1679.672587	26.593750
1689.082591	26.414062
1695.169608	26.468750
1698.499338	26.226562
1704.611393	26.492188
1714.059509	26.351562
1723.513853	25.937500
1732.974322	25.820312
1742.440817	26.234375
1751.913240	26.390625
1758.237754	26.226562
1761.391495	26.179688
1767.738668	26.281250
1777.245059	26.421875
1786.756839	26.164062
1796.273921	25.906250
1805.796223	26.039062
1815.323663	26.171875
1824.856159	26.132812
1831.420214	26.023438
1834.393633	26.140625
1840.978001	26.304688
1850.540462	26.695312
1860.107524	26.789062
1869.679117	26.796875
1879.255172	26.820312
1888.835620	26.789062
1895.600169	27.156250
1898.420396	26.843750
1905.203401	27.375000
1914.810696	27.468750
1924.421991	27.609375
1934.037228	27.617188
1943.656348	27.546875
1953.279294	27.476562
1962.906009	27.500000
1969.873092	27.710938
1972.536438	27.750000
1979.520144	27.671875
1989.170681	27.593750
1998.824655	27.765625
2008.482014	28.015625
2018.142711	28.203125
2027.806697	28.132812
2034.944717	27.992188
2037.473926	28.046875
2044.627105	28.140625
2054.312537	28.179688
2064.000969	28.156250
2073.692359	28.148438
2083.386666	28.085938
2093.083849	27.898438
2102.783869	28.000000
2110.094785	28.328125
2112.486686	28.421875
2119.811312	28.484375
2129.530465	28.343750
2139.252206	28.343750
2148.976501	28.406250
2158.703314	28.328125
2168.432614	28.242188
2175.890622	28.164062
2178.164365	28.125000
2185.634919	27.945312
2195.381516	27.914062
2205.130382	27.851562
2214.881487	27.750000
2224.634801	27.562500
2234.390297	27.429688
2241.985727	27.460938
2244.147945	27.367188
2251.754871	27.546875
2261.526033	27.664062
2271.299188	27.718750
2281.074308	27.656250
2290.851370	27.500000
2300.630348	27.304688
2310.411219	27.250000
2318.145811	27.031250
2320.193957	27.312500
2327.939003	27.101562
2337.733946	27.156250
2347.530617	27.187500
2357.328997	27.179688
2367.129063	27.234375
2376.930794	27.234375
2384.785106	27.109375
2386.734170	27.250000
2394.598087	27.054688
2404.412610	27.023438
2414.228655	26.968750
2424.046204	26.898438
2433.865239	26.773438
2443.685741	26.664062
2453.507693	26.562500
2461.483293	26.296875
2463.331078	26.421875
2471.315439	26.101562
2481.148927	25.757812
2490.983741	25.328125
2500.819866	25.007812
2510.657284	24.828125
2520.495983	25.250000
2528.576675	25.992188
2530.335946	25.968750
2538.424708	26.140625
2548.273926	26.078125
2558.124313	26.117188
2567.975857	26.101562
2577.828544	26.132812
2587.682361	26.101562
2597.537295	25.851562
2605.724467	25.742188
2607.393334	25.773438
2615.587888	26.132812
2625.452342	27.007812
2635.317818	28.867188
2645.184304	30.312500
2655.051789	31.250000
2664.920261	31.679688
2673.200329	32.140625
2674.789711	32.437500
2683.076592	32.578125
2692.953769	32.960938
2702.831848	33.343750
2712.710821	33.875000
2722.590678	34.429688
2732.471409	36.500000
