0.000000	37.539062
10.000000	37.539062
20.000000	37.539062
30.000000	38.687500
31.622777	38.687500
41.231056	38.687500
50.990195	38.687500
60.827625	27.351562
70.710678	25.414062
80.622577	25.187500
90.553851	24.843750
100.498756	24.468750
110.453610	23.203125
120.415946	21.070312
121.655251	21.007812
131.529464	18.250000
141.421356	16.328125
151.327460	16.007812
161.245155	15.195312
171.172428	14.257812
181.107703	13.914062
191.049732	13.546875
200.997512	13.390625
210.950231	13.335938
212.132034	13.226562
222.036033	13.179688
231.948270	13.007812
241.867732	12.882812
251.793566	12.835938
261.725047	13.109375
271.661554	13.218750
281.602557	13.078125
291.547595	13.023438
301.496269	12.914062
302.654919	12.937500
312.569992	12.695312
322.490310	12.765625
332.415403	12.953125
342.344855	13.117188
352.278299	13.765625
362.215406	13.453125
372.155881	13.078125
382.099463	13.007812
392.045916	12.382812
393.192065	12.007812
403.112887	11.570312
413.037529	12.343750
422.965720	13.648438
432.897216	14.765625
442.831797	15.187500
452.769257	15.179688
462.709412	15.531250
472.652092	15.914062
482.597140	15.789062
492.544414	15.750000
493.659802	15.695312
503.587132	15.859375
513.517283	15.968750
523.450093	15.882812
533.385414	16.000000
543.323108	16.500000
553.263048	17.203125
563.205114	17.625000
573.149195	17.867188
583.095189	17.843750
584.208867	17.773438
594.138031	18.054688
604.069532	18.312500
614.003257	18.476562
623.939100	18.843750
633.876960	19.335938
643.816744	19.875000
653.758365	20.250000
663.701740	20.609375
673.646792	21.726562
674.759216	21.640625
684.689711	21.937500
694.622199	22.054688
704.556598	23.070312
714.492827	23.578125
724.430811	24.132812
734.370479	24.578125
744.311763	24.695312
754.254599	24.648438
764.198927	24.898438
765.310395	24.875000
775.241898	24.929688
785.175140	25.218750
795.110055	25.367188
805.046583	25.406250
814.984662	25.617188
824.924239	25.796875
834.865259	25.726562
844.807670	25.585938
854.751426	25.750000
855.862138	25.796875
865.794433	25.953125
875.728268	26.187500
885.663593	26.562500
895.600357	26.835938
905.538514	28.437500
915.478017	28.812500
925.418824	29.171875
935.360893	29.632812
945.304184	30.000000
946.414286	30.000000
956.347217	30.000000
966.281532	30.000000
976.217189	30.000000
986.154146	30.000000
996.092365	30.000000
1006.031809	30.000000
1015.972441	30.000000
1025.914226	30.000000
1035.857133	30.000000
1036.966730	30.000000
1046.900186	30.000000
1056.834897	30.000000
1066.770828	30.000000
1076.707946	30.023438
1086.646217	29.257812
1096.585610	29.000000
1106.526095	29.000000
1107.655181	29.000000
1117.586686	29.000000
1127.519401	29.000000
1137.453296	29.000000
1147.388339	29.000000
1148.564321	29.000000
1158.490397	29.000000
1168.417734	29.000000
1178.346299	29.000000
1188.276062	29.000000
1189.495691	29.000000
1199.416525	29.000000
1209.338662	29.000000
1219.262072	29.000000
1229.186723	29.000000
1230.447073	29.000000
1240.362850	29.000000
1250.279969	29.000000
1260.198397	29.000000
1270.118105	29.000000
1271.416533	29.000000
1281.327437	29.000000
1291.239714	29.000000
1301.153335	29.000000
1311.068267	29.000000
1312.402377	29.000000
1322.308587	29.000000
1332.216199	29.000000
1342.125180	29.000000
1352.035502	29.000000
1353.403118	29.000000
1363.304808	29.000000
1373.207923	29.164062
1383.112432	30.898438
1393.018306	30.898438
1394.417441	30.953125
1404.314780	29.648438
1414.213562	28.914062
1424.113760	28.828125
1434.015342	28.734375
1435.444182	28.890625
1445.337331	28.796875
1455.231940	28.703125
1465.127981	28.617188
1475.025424	30.000000
1476.482306	30.000000
1486.371421	30.000000
1496.262009	28.875000
1506.154043	27.460938
1516.047493	26.046875
1517.530889	25.523438
1527.416119	24.515625
1537.302833	23.703125
1547.191003	23.343750
1557.080602	23.226562
1558.589106	23.460938
1568.470593	24.226562
1578.353573	25.171875
1579.905060	25.515625
1589.779859	25.609375
1591.383046	25.609375
1601.249512	25.890625
1611.117625	25.929688
1612.761607	25.617188
1622.621336	25.601562
1624.315240	25.484375
1634.166454	25.539062
1644.019465	25.601562
1645.752108	25.414062
1655.596569	25.507812
1657.377446	25.343750
1667.213244	25.328125
1677.050983	25.218750
1678.868667	25.031250
1688.697723	24.953125
1690.562037	24.828125
1700.382310	24.757812
1710.204666	24.742188
1712.103969	24.578125
1721.917536	24.468750
1723.861943	24.375000
1733.666635	24.335938
1743.473544	24.273438
1745.451231	24.132812
1755.249270	24.093750
1757.270611	24.031250
1767.059705	24.085938
1776.851147	24.101562
1778.904157	24.054688
1788.686669	23.960938
1790.781952	23.773438
1800.555470	23.640625
1810.331461	23.554688
1812.456896	23.484375
1822.223916	23.523438
1824.390309	23.625000
1834.148304	23.523438
1843.908891	23.320312
1846.104006	23.312500
1855.855598	23.125000
1858.090418	23.031250
1867.832969	22.835938
1877.578227	22.648438
1879.840419	22.250000
1889.576672	22.187500
1891.877374	21.875000
1901.604586	21.828125
1911.334612	21.648438
1913.661412	21.257812
1923.382437	20.929688
1925.746608	20.937500
1935.458602	21.304688
1945.173514	21.859375
1947.562579	21.671875
1957.268505	21.460938
1966.977377	21.328125
1969.390769	21.031250
1979.090700	20.984375
1981.539805	20.695312
1991.230775	20.679688
2000.924786	20.828125
2003.397115	20.632812
2013.082214	20.781250
2015.589244	20.851562
2025.265415	22.187500
2034.944717	24.453125
2037.473926	26.265625
2047.144353	26.968750
2049.707296	26.710938
2059.368835	27.148438
2069.033591	27.585938
2071.617725	27.328125
2081.273649	27.757812
2083.890592	27.500000
2093.537676	27.937500
2103.188056	27.828125
2105.825254	28.179688
2115.466852	31.382812
2118.135973	31.382812
2127.768784	31.382812
2137.404969	31.539062
2140.093456	31.539062
2149.720912	31.539062
2152.440475	34.531250
2162.059204	34.531250
2171.681376	35.062500
2174.419463	35.062500
2184.032967	35.062500
2186.801317	35.062500
2196.406156	35.062500
2206.014506	35.367188
2208.800580	35.226562
2218.400325	35.226562
2221.215883	35.226562
2230.807029	35.226562
2240.401750	35.226562
2243.234272	35.226562
2252.820454	35.226562
2255.681715	34.929688
2265.259367	34.929688
2274.840654	35.250000
2277.718156	35.250000
