0.000000	21.289062
10.000000	20.210938
20.000000	14.757812
30.000000	14.046875
40.000000	13.148438
50.000000	12.226562
60.000000	11.304688
60.827625	11.031250
70.710678	10.117188
80.622577	9.320312
90.553851	8.882812
100.498756	8.773438
110.453610	8.757812
111.803399	8.742188
121.655251	8.781250
131.529464	8.960938
141.421356	9.148438
151.327460	9.273438
152.970585	9.273438
162.788206	9.226562
172.626765	9.203125
182.482876	9.328125
192.353841	9.484375
202.237484	9.554688
203.960781	9.562500
213.775583	9.664062
223.606798	9.750000
233.452351	9.789062
243.310501	9.835938
253.179778	9.867188
254.950976	9.898438
264.764046	10.312500
274.590604	10.882812
284.429253	11.156250
294.278779	11.250000
296.141858	11.320312
305.941171	11.492188
315.753068	11.773438
325.576412	12.132812
335.410197	12.671875
345.253530	13.140625
347.131099	13.250000
356.931366	13.437500
366.742416	13.460938
376.563408	13.453125
386.393582	13.437500
388.329757	13.843750
398.120585	16.070312
407.921561	18.882812
417.731971	18.382812
419.761837	18.382812
429.534632	18.000000
439.317653	18.234375
449.110231	19.234375
451.220567	15.617188
460.977223	16.000000
470.744092	17.406250
480.520551	23.406250
490.306027	23.460938
492.442890	23.460938
502.195181	23.460938
511.957029	23.460938
521.727898	23.367188
523.927476	22.140625
533.666563	22.140625
543.415127	22.140625
553.172667	22.218750
555.427763	22.218750
565.154846	22.218750
574.891294	22.218750
584.636639	21.687500
594.390444	21.687500
596.657356	21.687500
606.382717	21.687500
616.116872	21.929688
625.859409	21.929688
628.171951	21.070312
637.887137	21.070312
647.610994	21.289062
657.343137	21.289062
667.083203	21.289062
669.402719	21.289062
679.117074	21.843750
688.839604	21.843750
698.569968	21.843750
700.927956	21.843750
710.633520	19.578125
720.347139	19.578125
730.068490	19.578125
732.461603	18.242188
742.159013	17.007812
751.864349	17.007812
761.577311	17.007812
771.297608	16.632812
773.692445	16.632812
783.390069	16.632812
793.095202	16.632812
802.807573	17.492188
805.232886	17.492188
814.923309	17.492188
824.621125	17.492188
834.326075	18.617188
836.779541	20.140625
846.463230	20.140625
856.154192	20.140625
865.852181	22.062500
875.556966	22.062500
878.009112	22.062500
887.693641	22.062500
897.385090	23.359375
907.083238	23.359375
909.560333	23.359375
919.238816	23.359375
928.924109	24.609375
938.616002	24.609375
948.314294	24.609375
950.789146	23.289062
960.468636	13.976562
970.154627	13.320312
979.846927	12.109375
982.344135	12.132812
992.018145	10.773438
1001.698557	10.164062
1011.385189	10.156250
1013.903348	10.515625
1023.572176	10.320312
1033.247308	9.335938
1042.928569	7.523438
1052.615789	5.648438
1062.308806	4.046875
1069.626103	2.351562
1072.007463	2.656250
1079.351657	1.289062
1089.082182	0.406250
1096.585610	-0.429688
1098.817546	-0.328125
1106.345335	-1.093750
1116.109314	-1.742188
1125.877436	-2.453125
1133.578405	-3.328125
1135.649594	-3.164062
1143.372205	-4.000000
1153.169545	-4.671875
1162.970335	-5.242188
1170.854389	-5.609375
1172.774488	-5.523438
1180.677771	-5.656250
1190.504095	-5.750000
1198.540779	-6.226562
1200.333287	-6.046875
1208.387355	-6.734375
1218.236430	-7.242188
1228.087945	-7.710938
1236.284757	-8.195312
1237.941840	-8.062500
1246.154084	-8.554688
1256.025477	-9.125000
1265.898890	-9.820312
1274.244874	-10.625000
1275.774275	-10.484375
1284.133949	-11.257812
1294.024729	-11.820312
1303.917175	-12.265625
1312.402377	-12.429688
1313.811250	-12.500000
1322.308587	-12.343750
1332.216199	-12.273438
1340.820644	-12.273438
1342.125180	-12.328125
1350.740538	-12.429688
1360.661604	-12.398438
1370.583817	-12.125000
1379.311422	-11.359375
1380.507153	-11.328125
1389.244399	-10.101562
1399.178330	-10.000000
1409.113196	-10.296875
1417.956276	-10.492188
1419.048977	-10.312500
1427.900557	-10.226562
1437.845611	-9.789062
1447.791421	-9.351562
1456.742942	-8.742188
1457.737974	-8.914062
1466.696969	-8.273438
1476.651618	-7.984375
1485.698489	-7.546875
1486.606875	-7.664062
1495.660389	-7.101562
1505.622795	-6.703125
1515.585695	-6.335938
1524.729484	-5.843750
1525.549081	-6.015625
1534.698667	-5.515625
1544.668249	-5.125000
1554.638222	-4.726562
1563.873396	-4.156250
1564.608577	-4.320312
1573.848786	-3.820312
1583.824485	-3.585938
1593.141551	-3.390625
1593.800489	-3.468750
1603.121954	-3.375000
1613.102601	-3.320312
1623.083485	-3.148438
1632.482772	-2.578125
1633.064604	-2.781250
1642.467656	-2.171875
1652.452722	-1.750000
1662.437969	-1.351562
1671.915070	-0.929688
1672.423391	-1.023438
1681.903683	-0.710938
1691.892432	-0.484375
1701.881312	-0.257812
1711.432149	-0.023438
1711.870322	-0.093750
1721.423829	0.085938
1731.415606	0.218750
1741.034175	0.265625
1741.407477	0.257812
1751.028269	0.265625
1761.022430	0.273438
1771.016657	0.281250
1780.702109	0.359375
1781.010949	0.359375
1790.698188	0.343750
1800.694311	0.335938
1810.690476	0.398438
1820.439507	0.570312
1820.686684	0.585938
1830.437106	0.789062
1840.434731	1.093750
1850.432382	1.453125
1860.241920	1.812500
1860.430058	1.757812
1870.240626	2.140625
1880.239346	2.648438
1890.105817	3.351562
1890.238080	3.343750
1900.105260	3.515625
1910.104709	3.773438
1920.104164	4.046875
1930.025907	4.578125
1930.103624	4.406250
1940.025773	5.992188
1950.025641	9.156250
1960.025510	12.414062
1970.000000	14.007812
1970.025381	14.273438
1980.000000	14.234375
1990.000000	14.257812
2000.000000	14.281250
2010.000000	13.640625
2010.024875	13.414062
2020.024752	12.000000
2030.024630	12.000000
2040.024510	13.171875
2050.024390	17.000000
2060.024272	17.000000
2060.097085	17.000000
2070.096616	18.640625
2080.096152	24.000000
2090.095692	22.742188
2100.095236	22.742188
2100.214275	20.765625
2110.213259	20.000000
2120.212254	18.140625
2130.211257	18.140625
2140.210270	18.140625
2150.209292	18.117188
2150.372061	17.593750
