0.000000	47.773438
10.000000	47.773438
10.000000	47.773438
14.142136	45.640625
22.360680	43.281250
28.284271	43.281250
36.055513	43.281250
44.721360	43.281250
50.000000	43.281250
58.309519	38.929688
64.031242	34.460938
72.111026	34.460938
78.102497	34.460938
86.023253	34.460938
92.195445	34.460938
100.000000	32.531250
108.166538	32.531250
114.017543	33.070312
122.065556	33.070312
128.062485	33.070312
136.014705	31.367188
142.126704	31.367188
150.000000	31.367188
156.204994	33.242188
164.012195	33.242188
172.046505	28.648438
178.044938	28.859375
186.010752	20.765625
192.093727	19.484375
200.000000	20.070312
206.155281	20.664062
214.009346	21.250000
220.227155	21.859375
228.035085	22.468750
236.008474	23.304688
242.074369	24.234375
250.000000	22.546875
256.124969	21.820312
264.007576	18.250000
270.185122	17.367188
278.028775	15.703125
284.253408	14.601562
292.061637	14.437500
300.000000	15.046875
306.104557	15.632812
314.006369	16.546875
320.156212	17.148438
328.024389	17.656250
334.215499	18.054688
342.052628	18.453125
348.281495	18.726562
356.089876	18.828125
364.005494	18.906250
370.135110	18.890625
378.021163	19.125000
384.187454	19.289062
392.045916	19.406250
398.246155	19.328125
406.078810	19.375000
412.310563	19.359375
420.119031	19.437500
428.018691	19.609375
434.165867	19.906250
442.040722	19.953125
448.218697	19.828125
456.070170	19.539062
462.276973	19.781250
470.106371	19.945312
476.340215	20.039062
484.148737	20.078125
492.036584	20.195312
498.196748	20.195312
506.063237	20.250000
512.249939	20.320312
520.096145	20.421875
526.307895	20.296875
534.134814	20.437500
540.370243	20.390625
548.178803	20.203125
556.057551	19.546875
562.227712	19.304688
570.087713	19.328125
576.281181	19.414062
584.123275	19.671875
590.338886	19.921875
598.163857	19.968750
604.400529	20.007812
612.209115	20.132812
620.080640	20.210938
626.258732	20.000000
632.534584	20.140625
640.312424	20.312500
646.606526	20.398438
652.993109	20.476562
659.469484	20.492188
666.033032	21.039062
672.681202	22.218750
680.147043	21.640625
686.804193	25.500000
693.541635	28.070312
700.357052	28.250000
707.248188	28.093750
714.212853	27.968750
721.387552	27.914062
728.354309	27.789062
735.391052	27.664062
742.495791	27.546875
749.666593	27.421875
756.901579	27.296875
764.198927	27.171875
771.038261	27.117188
778.331549	26.750000
785.684415	26.156250
793.095202	26.156250
800.562302	26.156250
808.084154	26.000000
814.677850	26.000000
822.192192	26.000000
829.759001	26.000000
837.376857	26.000000
845.044378	26.000000
852.760224	26.000000
859.127464	26.000000
866.833317	26.000000
874.585616	26.000000
882.383137	26.000000
890.224691	26.000000
898.109125	26.000000
904.267659	26.000000
912.140340	26.000000
920.054346	26.015625
928.008621	26.320312
936.002137	26.648438
938.136451	26.601562
944.033898	26.929688
946.255779	26.765625
954.410813	27.023438
962.600644	27.187500
965.194281	28.500000
970.824392	28.500000
973.498844	28.500000
981.835017	28.500000
990.202000	28.500000
993.227064	24.476562
998.599019	26.085938
1001.698557	18.046875
1010.198000	13.796875
1018.724693	11.960938
1022.154587	11.234375
1027.277957	11.421875
1030.776406	10.843750
1039.422917	10.718750
1048.093507	10.812500
1051.903037	10.937500
1056.787585	10.898438
1060.660172	11.187500
1069.439105	11.570312
1078.239306	11.937500
1087.060256	12.296875
1091.283648	12.664062
1095.901455	12.632812
1100.181803	13.140625
1109.098733	13.664062
1118.033989	14.250000
1122.586300	14.898438
1126.987134	14.796875
1131.591799	15.390625
1140.613870	15.765625
1149.652121	16.039062
1154.512884	16.296875
1158.706175	16.250000
1163.615057	16.304688
1172.731853	16.265625
1181.862936	16.257812
1187.013058	16.195312
1191.007976	16.125000
1196.202324	16.007812
1205.404496	15.914062
1214.619282	15.765625
1220.040983	15.734375
1223.846396	15.703125
1229.308749	15.585938
1238.587906	15.351562
1247.878199	15.132812
1253.554945	14.921875
1257.179383	14.875000
1262.893503	14.796875
1272.242115	14.882812
1281.600562	15.117188
1290.968629	15.218750
1296.919427	15.226562
1300.346108	15.179688
1306.330739	15.179688
1315.750736	15.007812
1325.179233	14.773438
1331.352696	14.632812
1334.616050	14.523438
1340.820644	14.562500
1350.296264	14.578125
1359.779394	14.656250
1366.162509	14.765625
1369.269878	14.812500
1375.681649	15.125000
1385.207566	15.453125
1394.740119	15.562500
1401.320806	15.867188
1404.279175	15.710938
1410.886246	15.976562
1420.457673	16.015625
1430.034965	16.093750
1436.802004	16.140625
1439.618005	16.101562
1446.409347	16.078125
1456.021978	15.898438
1465.639792	15.898438
1472.582765	16.148438
1475.262688	16.007812
1482.228053	16.250000
1491.878011	16.289062
1501.532550	16.179688
1511.191583	16.125000
1518.321442	16.429688
1520.855023	16.179688
1528.005236	16.437500
1537.693077	16.507812
1547.384891	16.687500
1554.670383	16.875000
1557.080602	16.921875
1564.384863	17.101562
1574.102919	17.226562
1583.824485	17.328125
1591.257364	17.367188
1593.549497	17.468750
1600.999688	17.312500
1610.745169	17.093750
1620.493752	16.937500
1628.066338	16.757812
1630.245380	16.726562
1637.833935	16.578125
1647.604321	16.390625
1657.377446	16.257812
1665.082581	16.218750
1667.153262	16.171875
1674.873130	16.250000
1684.666139	16.390625
1694.461566	16.570312
1704.259370	16.617188
1712.103969	16.617188
1714.059509	16.679688
1721.917536	16.757812
1731.733236	16.843750
1741.551033	16.820312
1749.514218	16.609375
1751.370892	16.820312
1759.346470	16.546875
1769.180601	16.390625
1779.016582	16.390625
1787.092611	16.554688
1788.854382	16.679688
1796.941847	16.937500
1806.792739	16.960938
1816.645260	16.976562
1824.828759	17.164062
1826.499384	17.156250
1834.693435	17.640625
1844.559568	18.132812
1854.427135	18.062500
1862.713075	17.937500
1864.296114	18.062500
1872.591787	18.101562
1882.471779	18.078125
1892.353033	18.226562
1900.736699	18.242188
1902.235527	18.398438
1910.628169	18.320312
1920.520763	18.625000
1930.414463	18.898438
1940.309254	19.078125
1948.794499	19.179688
1950.205117	19.218750
1958.698548	19.375000
1968.603566	19.335938
1978.509540	19.179688
1987.083290	19.218750
1988.416455	19.210938
1996.997747	19.179688
2006.913052	19.109375
2016.829195	19.234375
2025.487596	19.218750
2026.746161	19.265625
2035.411506	19.445312
2045.336158	19.554688
2055.261541	19.539062
2064.000969	19.601562
2065.187643	19.679688
2073.933461	19.820312
2083.866598	19.820312
2093.800373	19.570312
2102.617416	19.687500
2103.734774	19.679688
2112.557692	19.992188
2122.498528	20.195312
2132.439917	20.210938
2141.331362	20.257812
2142.381852	20.304688
2151.278690	20.265625
2161.226504	20.273438
2171.174797	20.257812
2181.123564	20.140625
2190.091322	19.250000
2191.072797	19.937500
2200.045454	19.179688
2210.000000	19.757812
2219.954954	28.500000
2228.990803	24.992188
2229.910312	25.000000
2238.950647	24.843750
2248.910847	24.703125
2258.871400	24.546875
2267.972663	24.406250
2268.832299	24.359375
2277.937664	24.679688
2287.902970	31.937500
2297.868578	40.148438
2307.032726	40.218750
2307.834483	40.500000
2317.002374	42.328125
2326.972282	42.328125
2336.942447	42.328125
2346.912866	48.835938
2356.883536	49.460938
2366.854453	49.460938
2376.825614	49.460938
2386.797017	49.460938
2396.768658	41.523438
2406.740534	41.523438
2416.712643	41.523438
2417.478025	40.312500
2427.447219	42.468750
2437.416665	42.468750
2447.386361	42.468750
2457.356303	41.367188
2467.326488	41.367188
2477.296914	41.367188
2487.267577	38.812500
2497.238475	38.812500
2507.209604	38.812500
2517.180963	34.007812
2527.152548	34.007812
2537.124356	34.007812
2547.096386	33.820312
2557.068634	33.820312
2567.041098	33.820312
2567.800615	33.820312
2577.770354	34.632812
2587.740327	34.632812
2597.710530	34.632812
2607.680962	35.078125
2617.651619	35.078125
2627.622500	35.078125
2637.593600	35.078125
2647.564919	35.078125
2657.536453	35.078125
2667.508201	34.773438
2677.480159	34.773438
2687.452325	34.773438
2697.424698	35.023438
2707.397274	35.023438
2717.370052	35.023438
2718.124353	35.023438
2728.094573	35.882812
2738.065010	35.882812
2748.035662	35.882812
2758.006526	36.679688
2767.977601	36.679688
2777.948884	36.679688
2787.920372	37.320312
2797.892064	37.320312
2807.863957	37.320312
2817.836049	38.187500
2827.808339	38.187500
2837.780823	38.187500
2847.753501	38.757812
2857.726369	38.757812
2867.699426	38.757812
2868.449058	37.953125
2878.419705	36.007812
2888.390555	36.007812
2898.361606	36.007812
2908.332856	35.500000
2918.304302	35.500000
2928.275943	35.500000
2938.247777	32.546875
2948.219802	32.546875
2958.192015	32.546875
2968.164416	30.757812
2978.137002	30.757812
2988.109770	30.757812
2998.082721	30.492188
3008.055851	30.492188
3018.029158	30.492188
3028.002642	32.781250
3028.745615	32.781250
3038.716834	32.781250
3048.688243	32.781250
3058.659837	35.750000
3068.631617	35.750000
3078.603580	35.750000
3088.575724	35.750000
3098.548047	35.750000
3108.520548	35.750000
3118.493226	36.156250
3128.466078	36.156250
3138.439102	36.156250
3148.412298	37.000000
3158.385664	37.000000
3168.359197	37.000000
3178.332896	36.789062
3179.072192	36.789062
3189.043744	36.789062
3199.015474	36.789062
3208.987379	34.796875
3218.959459	34.796875
3228.931712	34.796875
3238.904136	34.281250
3248.876729	34.281250
3258.849490	34.281250
3268.822418	32.867188
3278.795511	32.867188
3288.768767	32.867188
3298.742185	32.000000
3308.715763	32.000000
3318.689500	32.000000
3328.663395	30.578125
3329.399345	29.343750
3339.371198	29.343750
3349.343219	29.343750
3359.315406	29.703125
3369.287759	29.703125
3379.260274	29.703125
3389.232952	30.101562
3399.205790	30.101562
3409.178787	30.101562
3419.151942	30.203125
3429.125253	30.203125
3439.098719	30.203125
3449.072339	29.328125
3459.046111	29.328125
3469.020035	29.328125
3478.994107	29.726562
3479.727001	29.726562
3489.699127	29.726562
3499.671413	29.726562
3509.643857	29.726562
3519.616456	29.726562
3529.589211	29.726562
3539.562120	31.031250
3549.535181	31.031250
3559.508393	31.031250
3569.481755	31.859375
3579.455266	31.859375
3589.428924	31.859375
3599.402728	31.898438
3609.376677	31.898438
3619.350771	31.898438
3629.325006	30.867188
3630.055096	30.867188
3640.027472	30.867188
3650.000000	30.867188
3659.972677	30.500000
3669.945504	30.500000
3679.918477	30.500000
3689.891597	30.367188
3699.864862	30.367188
3709.838271	30.367188
3719.811823	29.687500
3729.785517	29.687500
3739.759351	29.687500
3749.733324	29.781250
3759.707435	29.781250
3769.681684	29.781250
3779.656069	29.187500
3780.383578	29.546875
3790.356184	29.546875
3800.328933	29.546875
3810.301825	29.429688
3820.274859	29.429688
3830.248034	29.429688
3840.221348	29.476562
3850.194800	29.476562
3860.168390	29.796875
3870.142116	29.796875
3880.115978	29.796875
3890.089973	30.132812
3900.064102	30.132812
3910.038363	30.132812
3920.012755	30.617188
3929.987277	30.617188
3930.712404	30.617188
3940.685220	30.617188
3950.658173	30.828125
3960.631263	30.828125
3970.604488	30.828125
3980.577847	30.468750
3990.551340	30.468750
4000.524966	30.468750
4010.498722	29.812500
4020.472609	29.812500
4030.446625	29.812500
4040.420770	29.656250
4050.395042	29.656250
4060.369441	29.656250
4070.343966	29.601562
4080.318615	29.601562
4081.041534	29.601562
4091.014544	29.601562
4100.987686	29.882812
4110.960958	29.882812
4120.934360	29.882812
4130.907891	29.820312
4140.881549	29.820312
4150.855334	29.820312
4160.829244	30.046875
4170.803280	30.046875
4180.777440	30.046875
4190.751723	30.203125
4200.726128	30.203125
4210.700654	30.203125
4220.675301	30.039062
4230.650068	30.039062
4231.370936	29.828125
4241.344127	29.828125
4251.317443	30.492188
4261.290884	30.492188
4271.264450	30.492188
4281.238139	30.242188
4291.211950	30.242188
4301.185883	30.242188
4311.159937	30.820312
4321.134110	30.820312
4331.108403	30.820312
4341.082814	30.406250
4351.057343	30.406250
4361.031988	30.406250
4371.006749	30.062500
4380.981625	30.062500
4390.956616	30.062500
4391.673941	30.062500
4401.647419	31.226562
4411.621017	31.226562
4421.594735	31.226562
4431.568571	32.640625
4441.542525	32.640625
4451.516595	32.640625
4461.490782	32.398438
4471.465084	32.398438
4481.439501	32.398438
4491.414031	30.898438
4501.388675	30.898438
4511.363430	30.898438
4521.338297	31.218750
4531.313275	31.218750
4541.288363	31.218750
4542.003963	31.218750
4551.977592	31.257812
4561.951337	31.257812
4571.925196	31.257812
4581.899170	31.218750
4591.873256	31.218750
4601.847455	31.218750
4602.575366	30.671875
4612.548103	31.367188
4622.520957	31.367188
4623.267243	31.367188
4633.238608	31.367188
4643.210096	31.101562
4653.181707	31.101562
4653.944563	31.101562
4663.914665	31.101562
4673.884894	30.343750
4674.665763	30.632812
4684.634457	30.632812
4694.603285	30.632812
4695.402006	30.632812
4705.369274	30.437500
4715.336679	30.437500
4725.304223	30.437500
4726.118915	30.437500
4736.084881	30.492188
4746.050990	30.492188
4746.883188	30.851562
4756.847696	30.851562
4766.812352	31.062500
4767.661901	31.062500
4777.624933	31.062500
4787.588119	31.062500
4797.551459	31.273438
4798.416405	31.273438
4808.378105	31.273438
4818.339963	31.273438
4819.221929	31.539062
4829.182125	31.648438
4839.142486	31.648438
4840.041322	31.648438
4850.000000	31.648438
4859.958848	31.437500
4869.917864	31.437500
4870.831551	31.437500
4880.788871	31.437500
4890.746364	31.382812
4891.676604	31.289062
4901.632381	31.289062
4911.588338	31.289062
4912.534987	31.289062
4922.489208	30.937500
4932.443613	30.937500
4942.398203	30.937500
4943.359182	30.937500
4953.312023	31.398438
4963.265054	31.398438
4964.242138	31.460938
4974.193402	31.460938
4984.144861	31.281250
4985.137912	31.281250
4995.087587	31.281250
5005.037462	31.281250
5006.046344	31.281250
5015.994418	31.203125
5025.942698	31.203125
5035.891182	31.203125
5036.913738	31.007812
5046.860410	31.398438
5056.807293	31.398438
5057.845391	31.398438
5067.790446	31.398438
5077.735716	31.710938
5078.789226	31.710938
5088.732652	31.710938
5098.676299	31.710938
5108.620166	32.070312
5109.686879	31.929688
5119.628893	31.929688
5129.571132	31.929688
5130.652980	31.929688
5140.593351	32.171875
5150.533953	32.171875
5151.630810	32.218750
5161.569529	32.218750
5171.508484	31.343750
5181.447674	31.343750
5182.557284	31.343750
5192.494584	31.343750
5202.432124	31.273438
5203.556476	31.273438
5213.492112	31.273438
5223.427993	31.273438
5224.566968	31.523438
5234.500931	31.671875
5244.435146	31.671875
5254.369610	31.671875
5255.520907	31.671875
5265.453447	32.406250
5275.386242	32.406250
5276.551904	32.406250
5286.482763	32.406250
5296.413881	32.703125
5297.593793	32.632812
5307.522963	32.632812
5317.452398	32.632812
5327.382096	32.171875
5328.573918	32.171875
5338.501662	32.171875
5348.429676	32.171875
5349.635502	32.171875
5359.561549	32.406250
5369.487871	32.406250
5370.707588	32.203125
5380.631933	32.203125
5390.556558	32.093750
5400.481460	32.093750
5401.712691	32.093750
5411.635612	32.093750
5421.558816	32.507812
5422.803703	32.507812
5432.724915	32.507812
5442.646415	32.507812
5443.904849	32.859375
5453.824346	33.031250
5463.744137	33.031250
5473.664221	33.046875
5474.933790	33.046875
5484.851867	33.046875
5494.770241	33.046875
5496.053129	33.046875
5505.969488	32.726562
5515.886148	32.726562
5517.182252	32.468750
5527.096887	32.468750
5537.011829	32.453125
5546.927077	32.453125
5548.233953	32.453125
5558.147173	32.453125
5568.060704	32.890625
5569.380576	32.890625
5579.292070	32.890625
5589.203879	32.890625
5590.536647	32.328125
5600.446411	33.789062
5610.356495	33.789062
5620.266898	33.789062
5621.610090	33.789062
5631.518445	34.273438
5641.427124	33.781250
5642.783001	34.007812
5652.689625	33.359375
5662.596578	33.046875
5663.965042	33.132812
5673.869932	33.132812
5683.775154	33.132812
5693.680708	33.054688
5695.059262	33.382812
5704.962752	33.218750
5714.866578	33.140625
5716.257517	33.156250
5726.159271	33.070312
5736.061366	33.609375
5737.464597	33.679688
5747.364613	33.679688
5757.264976	34.093750
5767.165682	34.093750
5768.578681	34.093750
5778.477308	34.093750
5788.376284	34.210938
5789.801378	34.210938
5799.698268	34.210938
5809.595511	34.210938
5811.032610	33.296875
5820.927761	33.218750
5830.823269	33.218750
5832.272284	33.218750
5842.165694	33.218750
5852.059467	33.562500
5861.953599	33.562500
5863.411976	33.562500
5873.304011	33.562500
5883.196410	33.562500
5884.666516	33.562500
5894.556811	33.562500
5904.447476	33.562500
5905.929224	33.562500
5915.817779	34.046875
5925.706709	34.046875
5935.596011	34.046875
5937.086828	34.046875
5946.974020	34.382812
5956.861590	34.382812
5958.363869	34.210938
5968.249325	34.210938
5978.135161	34.343750
5979.648819	34.343750
5989.532536	34.343750
5999.416638	34.343750
6009.301124	33.851562
6010.823571	33.851562
6020.705939	33.851562
6030.588694	33.851562
6032.122346	32.906250
6042.002979	32.968750
6051.884004	32.968750
6053.428780	32.968750
6063.307678	32.968750
6073.186972	33.343750
6083.066661	33.343750
6084.619955	33.343750
6094.497518	33.343750
6104.375480	33.492188
6105.939731	33.039062
6115.815563	33.039062
6125.691798	33.039062
6127.266927	33.039062
6137.141028	32.929688
6147.015536	32.929688
6156.890449	32.929688
6158.473837	32.929688
6168.346618	33.023438
6178.219808	33.023438
6179.813913	33.046875
6189.684968	33.046875
6199.556436	33.492188
6201.161182	33.492188
6211.030510	33.492188
6220.900256	33.492188
6230.770418	33.601562
6232.383172	33.601562
6242.251196	33.414062
6252.119641	33.414062
6253.742879	33.085938
6263.609183	33.085938
6273.475911	33.085938
6275.109561	33.242188
6284.974145	33.320312
6294.839156	33.648438
6304.704593	33.671875
6306.346010	33.437500
6316.209306	33.671875
6326.073032	34.023438
6327.724710	33.734375
6337.586291	34.054688
6347.448306	34.164062
6349.110174	33.890625
6358.970042	33.890625
6368.830348	33.820312
6378.691088	33.531250
6380.360491	33.203125
6390.219089	32.882812
6400.078125	32.554688
6401.757571	32.226562
6411.614461	32.132812
6421.471794	32.132812
6423.161215	32.289062
6433.016400	32.328125
6442.872030	32.609375
6452.728105	33.257812
6454.424839	33.531250
6464.278769	33.859375
6474.133147	34.000000
6475.839714	33.328125
6485.691945	33.382812
6495.544627	33.382812
6497.260961	33.382812
6507.111494	33.382812
6516.962483	33.109375
6526.813924	32.453125
6528.537355	32.773438
6538.386651	32.359375
6548.236404	32.031250
6549.969466	32.359375
6559.817071	32.031250
6569.665136	31.820312
6571.407764	32.148438
6581.253680	32.148438
6591.100060	32.148438
6600.946902	32.148438
6602.696419	32.476562
6612.541115	32.476562
6622.386277	32.476562
6624.145228	32.804688
6633.988242	32.765625
6643.831726	32.703125
6645.600048	33.000000
6655.441383	33.000000
6665.283190	32.945312
6667.060822	32.945312
6676.900479	32.625000
6686.740611	32.296875
6696.581217	32.031250
6698.365472	32.031250
6708.203932	32.359375
6718.042870	32.679688
6719.836308	32.843750
6729.673098	33.101562
6739.510368	33.101562
6741.312929	33.429688
6751.148051	33.429688
6760.983656	33.429688
6770.819744	33.742188
6772.628736	33.601562
6782.462680	33.601562
6792.297108	33.601562
6794.115101	33.601562
6803.947384	33.773438
6813.780155	33.773438
6815.607090	33.773438
6825.437715	33.773438
6835.268832	33.867188
6845.100438	33.867188
6846.933620	33.921875
6856.763085	33.921875
6866.593042	34.273438
6868.435047	34.273438
6878.262862	34.273438
6888.091172	34.273438
6889.941945	34.273438
6899.768112	34.500000
6909.594778	34.257812
6919.421941	34.062500
6921.278784	34.062500
6931.103808	34.000000
6940.929333	34.000000
6942.794826	34.015625
6952.618212	34.015625
6962.442100	34.179688
6964.316190	34.179688
6974.137940	34.507812
6983.960195	34.828125
6993.782953	34.570312
6995.662942	35.000000
7005.483566	35.000000
7015.304698	35.000000
7017.193171	34.992188
7027.012167	34.859375
7036.831673	34.531250
7038.728578	34.367188
7048.545949	34.109375
7058.363833	33.890625
7068.182227	33.562500
7070.084865	33.562500
7079.901129	33.234375
7089.717907	33.085938
7091.628868	33.085938
7101.443515	33.414062
7111.258679	33.742188
7113.177911	34.062500
7122.990945	34.390625
7132.804498	34.710938
7142.618567	35.039062
7144.543372	35.367188
7154.355317	35.156250
7164.167781	35.156250
7166.100753	35.156250
7175.911092	35.156250
7185.721954	34.343750
7187.663042	34.343750
7197.471778	34.343750
7207.281041	34.343750
7217.090827	33.703125
7219.037332	33.375000
7228.844998	32.726562
7238.653190	32.070312
7240.607709	31.742188
7250.413781	31.093750
7260.220382	31.328125
7262.182867	31.578125
7271.987349	31.906250
7281.792362	32.234375
7291.597904	32.273438
7293.565657	32.601562
7303.369086	32.601562
7313.173046	32.601562
7315.148666	32.929688
7324.950512	33.187500
7334.752893	33.515625
7336.736332	33.968750
7346.536599	34.210938
7356.337404	34.359375
7366.138744	34.210938
7368.127306	34.210938
7377.926538	34.210938
7387.726308	34.210938
7389.722593	34.210938
7399.520255	34.109375
7409.318457	34.109375
7419.117198	34.109375
7421.118514	33.859375
7430.915152	33.992188
7440.712331	33.992188
7442.721277	33.992188
7452.516354	33.992188
7462.311974	34.257812
7464.328503	33.726562
7474.122022	34.054688
7483.916087	34.117188
7493.710696	34.117188
7495.732119	33.789062
7505.524632	33.789062
7515.317691	33.851562
7517.346606	33.531250
7527.137570	33.687500
7536.929083	33.820312
7546.721142	33.929688
7548.754864	33.281250
7558.544833	33.281250
7568.335352	33.281250
7570.376477	32.906250
7580.164906	33.000000
7589.953887	33.218750
7592.002371	33.000000
7601.789263	32.976562
7611.576709	32.945312
7621.364707	32.781250
7623.417869	32.242188
7633.203783	32.242188
7642.990253	32.179688
7645.050687	32.015625
7654.835073	32.281250
7664.620017	32.609375
7674.405514	32.843750
7676.470543	32.515625
7686.253964	32.679688
7696.037942	32.835938
7698.110158	32.757812
7707.892059	33.000000
7717.674520	33.320312
7727.457538	33.648438
7729.534268	33.648438
7739.315215	33.968750
7749.096722	34.000000
7751.180555	34.000000
7760.959992	34.000000
7770.739991	34.000000
7772.830887	34.000000
7782.608817	33.656250
7792.387311	33.500000
7802.166366	33.242188
7804.261656	33.039062
7814.038648	33.195312
7823.816204	33.515625
7825.918476	33.343750
7835.693971	33.507812
7845.470031	33.320312
7855.246654	33.000000
7857.353244	32.671875
7867.127811	32.343750
7876.902945	32.328125
7879.016436	32.210938
7888.789514	32.531250
7898.563160	32.859375
7908.337373	33.234375
7910.455107	33.281250
7920.227269	33.726562
7930.000000	33.976562
7932.124558	33.976562
7941.895240	34.117188
7951.666492	34.117188
7953.797835	34.359375
7963.567040	34.226562
7973.336817	34.117188
7983.107165	34.117188
7985.242639	34.343750
7995.010944	34.343750
8004.779822	34.210938
8006.922005	34.210938
8016.688843	34.210938
8026.456254	34.210938
8036.224238	34.890625
8038.370482	35.343750
8048.136430	35.156250
8057.902953	34.500000
8060.055831	34.500000
8069.820320	33.921875
8079.585385	33.601562
8089.351025	33.273438
8091.507894	33.273438
8101.271505	32.976562
8111.035692	32.765625
8113.199122	32.546875
8122.961283	32.218750
8132.724021	31.953125
8134.893976	31.296875
8144.654689	31.460938
8154.415982	31.484375
8164.177852	31.656250
8166.351695	31.328125
8176.111545	31.828125
8185.871976	32.476562
8188.052271	32.328125
8197.810683	32.976562
8207.569677	32.687500
8217.329250	32.359375
8219.513368	32.359375
8229.270928	32.039062
8239.029069	31.851562
8241.219570	31.851562
8250.975700	31.828125
8260.732413	31.687500
8270.489707	31.796875
8272.683966	32.250000
8282.439254	32.570312
8292.195126	32.898438
8294.395698	33.234375
8304.149565	33.312500
8313.904017	33.312500
8316.110870	33.640625
8325.863319	33.640625
8335.616354	33.640625
8345.369974	33.453125
8347.580488	33.453125
8357.332110	33.125000
8367.084319	33.015625
8369.301046	32.898438
8379.051259	32.851562
8388.802060	32.781250
8398.553447	32.710938
8400.773774	32.382812
8410.523170	32.507812
8420.273155	32.617188
8422.499629	32.828125
8432.247624	33.101562
8441.996209	33.421875
8451.745382	33.750000
8453.975396	33.804688
8463.722585	34.031250
8473.470363	34.031250
8475.706460	34.031250
8485.452257	33.851562
8495.198644	33.851562
8497.440791	34.000000
8507.185198	34.000000
8516.930198	33.890625
8526.675788	33.890625
8528.921385	33.890625
8538.665001	33.890625
8548.409209	33.929688
8550.660793	33.929688
8560.403028	33.929688
8570.145856	33.929688
8579.889277	34.171875
8582.144254	34.718750
8591.885707	34.718750
8601.627753	34.718750
8603.888656	34.718750
8613.628736	34.679688
8623.369411	34.679688
8625.636208	34.679688
8635.374919	34.679688
8645.114227	34.976562
8654.854129	34.976562
8657.124234	34.976562
8666.862177	34.976562
8676.600717	35.343750
8678.876655	35.343750
8688.613238	35.343750
8698.350418	35.343750
8708.088194	35.062500
8710.367386	35.062500
8720.103210	35.062500
8729.839632	34.859375
8732.124598	34.710938
8741.859070	34.062500
8751.594140	34.062500
8761.329808	34.062500
8763.617974	34.062500
8773.351697	34.117188
8783.086018	34.117188
8785.379901	34.117188
8795.112279	34.117188
8804.845257	34.171875
8807.144827	33.867188
8816.875864	33.867188
8826.607502	33.867188
8836.339740	33.718750
8838.642430	33.718750
8848.372732	33.718750
8858.103635	33.718750
8860.411954	33.718750
8870.140923	33.476562
8879.870495	32.828125
8889.600666	32.343750
8891.912055	32.023438
8901.640298	32.000000
8911.369143	31.984375
8913.686106	32.132812
8923.413024	32.218750
8933.140545	32.539062
8942.868667	32.867188
8945.188651	32.898438
8954.914852	33.062500
8964.641655	33.226562
8966.967157	33.109375
8976.692041	33.109375
8986.417529	33.265625
8988.748522	33.101562
8998.472093	33.429688
9008.196268	33.757812
9017.921046	34.039062
9020.254985	34.039062
9029.977852	34.203125
9039.701322	34.304688
9042.040699	34.617188
9051.762259	34.765625
9061.484426	34.765625
9071.207196	34.765625
9073.549471	35.000000
9083.270336	34.960938
9092.991807	34.632812
9095.339466	34.632812
9105.059033	34.312500
9114.779207	33.992188
9124.499986	33.828125
9126.850497	33.875000
9136.569378	33.875000
9146.288865	33.742188
9148.644708	34.062500
9158.362299	34.070312
9168.080497	34.070312
9170.441647	34.390625
9180.157951	34.390625
9189.874863	34.093750
9199.592382	33.773438
9201.956314	34.093750
9211.671944	33.773438
9221.388182	33.718750
9223.757369	34.023438
9233.471720	34.023438
9243.186680	34.023438
9252.902247	34.023438
9255.274172	34.242188
9264.987858	34.187500
9274.702152	34.046875
9277.079282	34.046875
9286.791696	33.773438
9296.504720	33.445312
9306.218351	33.117188
9308.598176	33.109375
9318.309933	32.570312
9328.022298	31.921875
9330.407279	31.757812
9340.117772	31.210938
9349.828875	31.000000
9352.218988	31.000000
9361.928220	31.000000
9371.638064	31.000000
9381.348517	31.078125
9383.741258	31.000000
9393.449846	31.000000
9403.159044	31.000000
9405.556868	31.000000
9415.264202	31.000000
9424.972148	31.000000
9434.680705	31.000000
9437.081117	31.000000
9446.787814	31.117188
9456.495122	31.445312
9458.900570	31.445312
9468.606022	31.773438
9478.312086	32.093750
9480.722546	32.093750
9490.426755	32.421875
9500.131578	32.750000
9509.837012	33.000000
9512.249997	33.000000
9521.953581	33.000000
9531.657778	33.000000
9534.075729	33.000000
9543.778078	32.976562
9553.481041	32.976562
9563.184616	32.976562
9565.605051	33.421875
9575.306784	33.296875
9585.009129	33.421875
9587.434485	33.789062
9597.134989	34.062500
9606.836108	34.218750
9616.537839	34.218750
9618.965641	34.601562
9628.665536	34.273438
9638.366044	34.000000
9640.798722	33.742188
9650.497397	33.742188
9660.196685	33.742188
9662.634216	33.414062
9672.331673	33.414062
9682.029746	33.125000
9691.728432	32.796875
9694.168350	32.468750
9703.865209	32.148438
9713.562683	32.085938
9716.007410	32.242188
9725.703059	32.242188
9735.399324	32.242188
9745.096203	32.367188
9747.543280	32.687500
9757.238339	32.789062
9766.934012	32.945312
9769.385856	32.945312
9779.079711	32.945312
9788.774183	32.945312
9798.469268	32.945312
9800.923426	32.843750
9810.616698	32.781250
9820.310586	32.781250
9822.769467	32.460938
9832.461543	32.460938
9842.154236	32.460938
9844.617819	32.179688
9854.308702	32.507812
9864.000203	32.828125
9873.692318	32.710938
9876.158160	32.921875
9885.848471	32.617188
9895.539399	32.289062
9898.009901	32.617188
9907.699027	32.523438
9917.388769	32.523438
9927.079127	32.523438
9929.551853	32.843750
9939.240414	32.960938
9948.929591	33.281250
9951.406936	33.523438
9961.094317	33.851562
9970.782316	33.914062
9980.470931	33.585938
9982.950466	33.585938
9992.637290	33.257812
10002.324730	32.968750
10004.808844	32.968750
10014.494495	32.695312
10024.180765	32.367188
10026.669437	32.203125
10036.353920	32.000000
10046.039020	32.000000
10055.724738	32.000000
10058.215548	32.000000
10067.899483	31.992188
10077.584036	31.828125
10080.079365	31.898438
10089.762138	31.898438
10099.445529	31.804688
10109.129537	31.898438
10111.626971	32.125000
10121.309204	32.125000
10130.992054	32.125000
10133.493968	32.453125
10143.175045	32.914062
10152.856741	33.445312
10162.539053	33.937500
10165.043040	33.937500
10174.723583	34.000000
10184.404745	34.000000
10186.913173	33.945312
10196.592568	33.929688
10206.272581	33.687500
10208.785432	33.437500
10218.463681	33.210938
10228.142549	33.046875
10237.822034	33.234375
10240.336909	33.234375
10250.014634	33.562500
10259.692978	33.890625
10262.212237	33.851562
10271.888823	33.992188
10281.566029	33.992188
10291.243851	33.992188
10293.765103	33.992188
10303.441173	33.812500
10313.117860	33.812500
10315.643460	33.812500
10325.318397	33.812500
10334.993953	34.093750
10344.670125	34.007812
10347.197688	34.007812
10356.872115	33.351562
10366.547159	32.851562
10369.079033	32.851562
10378.752333	32.523438
10388.426252	32.203125
10390.962419	32.203125
10400.634596	31.937500
10410.307392	31.859375
10419.980806	31.820312
10422.518889	32.039062
10432.190566	32.164062
10441.862861	32.492188
10444.405201	32.976562
10454.075760	33.367188
10463.746939	33.851562
10473.418735	34.250000
10475.962963	34.250000
10485.633028	34.250000
10495.303712	34.171875
10497.852161	33.796875
10507.521116	33.796875
10517.190690	33.796875
10519.743343	33.796875
10529.411190	33.859375
10539.079656	33.859375
10548.748741	33.859375
10551.303237	33.859375
10560.970599	33.960938
10570.638581	33.960938
10573.197246	34.859375
10582.863507	34.859375
10592.530387	34.742188
10602.197885	34.742188
10604.758366	34.742188
10614.424148	34.742188
10624.090549	34.390625
10626.655165	34.390625
10636.319852	34.390625
10645.985159	34.390625
10655.651083	34.671875
10658.217487	34.984375
10667.881702	35.273438
10677.546535	35.601562
10680.117041	36.367188
10689.780166	35.367188
10699.443911	35.367188
10702.018501	35.367188
10711.680540	35.367188
10721.343199	33.781250
10731.006477	33.781250
10733.582813	33.648438
10743.244389	33.648438
10752.906584	34.351562
10755.486972	34.351562
10765.147468	34.351562
10774.808583	34.351562
10784.470316	34.500000
10787.052424	34.500000
10796.712463	34.500000
10806.373120	34.500000
10808.959247	34.148438
10818.618211	34.242188
10828.277795	34.242188
10837.937996	34.242188
10840.525818	34.242188
10850.184330	33.546875
10859.843461	33.546875
10862.435270	33.546875
10872.092715	34.164062
10881.750778	33.726562
10884.346558	33.351562
10894.002937	33.210938
10903.659936	33.539062
10913.317552	33.867188
10915.914987	33.882812
10925.570923	34.148438
10935.227478	34.359375
10937.828852	34.359375
10947.483729	34.359375
10957.139225	34.359375
10966.795339	34.460938
10969.398343	34.382812
10979.052782	34.382812
10988.707840	34.382812
10991.314753	34.382812
11000.968139	34.250000
11010.622144	34.250000
11020.276766	34.250000
11022.885285	34.250000
11032.538239	34.203125
11042.191811	34.203125
11044.804208	33.820312
11054.456115	33.820312
11064.108640	33.796875
11066.724899	33.796875
11076.375761	33.796875
11086.027242	33.796875
11095.679339	34.820312
11098.297167	34.820312
11107.947605	34.820312
11117.598662	34.820312
11120.220322	34.070312
11129.869721	34.343750
11139.519738	34.343750
11149.170373	34.343750
11151.793578	34.343750
11161.442559	34.906250
11171.092158	34.906250
11173.719166	34.906250
11183.367114	34.906250
11193.015679	34.757812
11202.664862	34.757812
11205.293392	34.523438
11214.940927	34.523438
11224.589079	34.156250
11227.221384	34.156250
11236.867891	34.156250
11246.515016	34.156250
11249.151079	34.156250
11258.796561	35.500000
11268.442661	35.500000
11278.089377	35.500000
11280.726927	36.046875
11290.372005	35.851562
11300.017699	35.851562
11302.658979	35.851562
11312.303037	35.851562
11321.947712	35.437500
11331.593004	35.437500
11334.235748	35.437500
11343.879407	35.437500
11353.523682	34.351562
11356.170129	34.328125
11365.812773	34.328125
11375.456035	34.328125
11385.099912	34.179688
11387.747802	34.179688
11397.390052	34.179688
11407.032918	34.179688
11409.684483	34.179688
11419.325724	35.351562
11428.967582	35.351562
11431.622807	34.843750
11441.263042	34.843750
11450.903894	35.851562
11460.545362	35.851562
11463.201996	35.851562
11472.841845	35.851562
11482.482310	37.523438
11485.142576	37.523438
11494.781425	37.523438
11504.420889	37.523438
11514.060969	38.289062
11516.722624	37.593750
11526.361091	37.593750
11536.000173	37.593750
11538.665434	37.593750
11548.302906	36.648438
11557.940993	36.648438
11560.609846	36.648438
11570.246324	36.648438
11579.883419	36.578125
11589.521129	36.578125
11592.191337	36.398438
11601.827442	36.398438
11611.464163	35.578125
11614.137936	35.578125
11623.773054	35.578125
11633.408787	35.578125
11643.045134	36.273438
11645.720244	36.273438
11655.354992	36.273438
11664.990356	36.273438
11667.669005	35.468750
11677.302771	35.820312
11686.937152	35.820312
11696.572147	35.820312
11699.252113	35.820312
11708.885515	34.296875
11718.519531	34.296875
11721.203010	34.296875
11730.835435	34.296875
11740.468474	34.218750
11743.155453	33.875000
11752.786904	33.679688
11762.418969	33.859375
11772.051648	33.968750
11774.739912	33.859375
11784.371006	33.835938
11794.002713	33.507812
11796.694452	33.187500
11806.324576	32.867188
11815.955315	32.460938
11825.586666	32.054688
11828.279672	31.593750
11837.909444	31.023438
11847.539829	30.593750
11850.236285	29.945312
11859.865092	29.617188
11869.494513	29.289062
11879.124547	29.242188
11881.822251	29.398438
11891.450710	29.859375
11901.079783	30.468750
11903.780912	30.140625
11913.408412	30.507812
11923.036526	31.007812
11925.741067	30.843750
11935.367611	31.500000
11944.994768	32.031250
11954.622537	32.359375
11957.328297	32.921875
11966.954500	33.250000
11976.581315	33.554688
11979.290463	34.210938
11988.915714	34.367188
11998.541578	34.625000
12008.168053	34.671875
12010.878403	34.671875
12020.503317	34.671875
12030.128844	34.898438
12032.842557	35.867188
12042.466525	35.867188
12052.091105	35.867188
12061.716296	36.281250
12064.431193	36.281250
12074.054828	36.281250
12083.679076	36.281250
12086.397313	36.281250
12096.020007	35.109375
12105.643312	35.109375
12108.364877	34.570312
12117.986631	34.570312
12127.608998	35.679688
12137.231974	35.679688
12139.954695	35.679688
12149.576124	35.679688
12159.198164	37.156250
12161.924190	37.156250
12171.544684	37.156250
12181.165790	37.156250
