0.000000	55.804688
10.000000	55.828125
10.000000	55.804688
14.142136	55.757812
22.360680	55.625000
28.284271	55.593750
36.055513	55.593750
42.426407	55.531250
50.000000	55.523438
56.568542	55.421875
64.031242	55.445312
70.710678	55.445312
78.102497	55.507812
84.852814	55.562500
92.195445	55.726562
98.994949	55.726562
106.301458	55.859375
114.017543	56.117188
120.415946	56.367188
128.062485	56.562500
134.536240	54.570312
142.126704	53.437500
148.660687	53.437500
156.204994	53.437500
164.012195	53.437500
170.293864	53.437500
178.044938	52.820312
184.390889	52.281250
192.093727	52.281250
198.494332	52.281250
206.155281	52.281250
212.602916	52.281250
220.227155	52.382812
228.035085	52.382812
234.307490	52.312500
242.074369	52.312500
248.394847	52.312500
256.124969	52.148438
262.488095	52.148438
270.185122	52.148438
278.028775	52.148438
284.253408	52.046875
292.061637	51.390625
298.328678	51.390625
306.104557	50.898438
312.409987	49.648438
320.156212	48.703125
328.024389	48.125000
334.215499	47.304688
342.052628	45.906250
348.281495	46.164062
356.089876	46.195312
362.353419	46.453125
370.135110	46.484375
376.430604	45.984375
384.187454	42.968750
392.045916	39.867188
398.246155	38.851562
406.078810	38.718750
412.310563	38.617188
420.119031	38.539062
426.380112	38.523438
434.165867	38.515625
442.040722	38.515625
448.218697	38.585938
456.070170	38.671875
462.276973	38.671875
470.106371	38.734375
476.340215	38.773438
484.148737	38.867188
490.407993	39.007812
498.196748	39.140625
506.063237	39.328125
512.249939	39.531250
520.096145	39.703125
526.307895	39.898438
534.134814	40.195312
540.370243	40.453125
548.178803	40.671875
556.057551	40.968750
562.227712	41.367188
570.087713	41.734375
576.281181	41.929688
584.123275	42.117188
590.338886	42.320312
598.163857	42.453125
606.052803	42.250000
612.209115	42.265625
620.080640	42.375000
626.258732	42.398438
634.113554	42.406250
640.312424	42.414062
648.151217	42.484375
654.369926	42.703125
662.193325	42.953125
670.074623	43.046875
676.239603	43.226562
684.105255	43.406250
690.289794	43.453125
698.140387	43.593750
704.343666	43.898438
712.179753	44.281250
720.069441	44.492188
726.223106	44.585938
734.098086	44.718750
740.270221	44.914062
748.131005	44.921875
754.320887	45.062500
762.167960	45.046875
768.374908	45.195312
776.208735	45.179688
784.091831	45.218750
790.253124	45.460938
798.122798	45.578125
804.300939	45.578125
812.157620	45.335938
818.352003	46.234375
826.196103	45.812500
834.086326	45.328125
840.238062	44.812500
848.115558	44.265625
854.283325	43.750000
862.148479	43.203125
868.331734	41.414062
876.184912	35.921875
884.081444	34.515625
890.224691	34.453125
898.109125	34.367188
904.267659	34.304688
912.140340	34.257812
918.313672	34.187500
926.174929	34.234375
932.362590	34.156250
940.212742	34.226562
948.103370	34.335938
954.253635	34.273438
962.133047	34.234375
968.297475	33.960938
976.165969	33.617188
982.344135	33.140625
990.202000	32.921875
998.098192	32.937500
1004.241007	32.710938
1012.126474	32.281250
1018.282868	31.867188
1026.157883	31.648438
1032.327467	31.578125
1040.192290	31.609375
1048.093507	31.570312
1054.229577	31.367188
1062.120520	31.328125
1068.269629	31.125000
1076.150547	31.085938
1082.312339	30.921875
1090.183471	30.867188
1096.357606	30.687500
1104.219181	30.656250
1112.115102	30.773438
1118.257573	30.828125
1126.143863	31.023438
1132.298547	31.093750
1140.175425	31.265625
1146.342008	31.359375
1154.209686	31.523438
1162.110150	31.687500
1168.246549	31.687500
1176.137747	31.773438
1182.285921	31.734375
1190.168055	31.859375
1196.327714	31.750000
1204.200980	31.898438
1210.371844	31.812500
1218.236430	31.984375
1226.132130	32.226562
1232.274320	32.312500
1240.161280	32.351562
1246.314567	32.500000
1254.192968	32.593750
1260.357092	32.687500
1268.227109	32.851562
1276.126953	33.015625
1282.263623	33.117188
1290.155029	33.406250
1296.302434	33.804688
1304.185570	34.000000
1310.343466	33.859375
1318.218495	33.812500
1326.122166	33.875000
1332.253730	33.890625
1340.149245	34.125000
1346.291202	34.343750
1354.178718	34.507812
1360.330842	34.789062
1368.210510	35.171875
1374.372584	35.367188
1382.244551	35.453125
1390.143877	35.718750
1396.280774	36.093750
1404.172354	36.554688
1410.319113	36.867188
1418.203088	37.203125
1424.359505	37.414062
1432.236014	37.625000
1440.138882	38.203125
1446.271067	38.898438
1454.166428	39.445312
1460.308187	39.968750
1468.196172	40.265625
1474.347313	40.687500
1482.228053	40.789062
1488.388390	41.078125
1496.262009	41.265625
1504.160896	41.429688
1510.297984	41.703125
1518.189711	41.789062
1524.335921	42.078125
1532.220611	42.289062
1538.375767	42.562500
1546.253537	42.882812
1554.155719	42.890625
1560.288435	42.867188
1568.183663	43.015625
1574.325252	43.117188
1582.213639	43.226562
1588.363938	43.281250
1596.245595	43.281250
1604.150866	43.296875
1610.279479	43.320312
1618.177988	43.578125
1624.315240	43.609375
1632.207095	43.562500
1638.352831	43.578125
1646.238136	43.609375
1652.392205	43.593750
1660.271062	43.546875
1668.172653	43.578125
1674.305826	43.648438
1682.200939	43.671875
1688.342382	43.726562
1696.231116	43.640625
1702.380686	43.585938
1710.263138	43.484375
1718.167629	43.492188
1724.296958	43.375000
1732.195139	43.015625
1738.332534	42.921875
1746.224499	42.843750
1752.369824	42.781250
1760.255663	42.640625
1766.408786	42.539062
1774.288590	42.421875
1782.189664	42.265625
1788.323237	42.203125
1796.218250	42.101562
1802.359565	41.968750
1810.248602	41.859375
1816.397534	41.890625
1824.280680	41.734375
1832.184489	41.609375
1838.314445	41.609375
1846.212339	41.492188
1852.349859	41.367188
1860.241920	41.226562
1866.386884	41.132812
1874.273192	41.125000
1882.179588	41.007812
1888.306119	40.914062
1896.206740	40.820312
1902.340663	40.562500
1910.235588	40.484375
1916.376790	40.437500
1924.266094	40.375000
1930.414463	40.218750
1938.298223	40.000000
1946.201428	39.734375
1952.331939	39.531250
1960.229578	39.359375
1966.367209	39.250000
1974.259355	39.320312
1980.403999	39.500000
1988.290723	39.601562
1996.196383	39.679688
2002.323650	39.734375
2010.223868	39.304688
2016.358103	38.898438
2024.252949	38.578125
2030.394050	38.203125
2038.283592	38.390625
2044.431461	38.320312
2052.315765	39.210938
2060.218435	40.695312
2066.349438	41.679688
2074.246851	43.078125
2080.384580	43.851562
2088.276802	44.078125
2094.421161	44.062500
2102.308255	44.070312
2110.213259	44.078125
2116.341182	44.062500
2124.241041	44.070312
2130.375554	44.054688
2138.270329	43.132812
2144.411341	41.960938
2152.301094	39.585938
2160.208323	38.718750
2166.333308	38.718750
2174.235498	38.851562
2180.366942	38.898438
2188.264152	39.031250
2194.401969	39.078125
2202.294258	39.210938
2208.438362	39.257812
2216.325788	39.390625
2224.230204	39.531250
2230.358716	39.578125
2238.258251	39.710938
2244.393014	39.757812
2252.287726	39.890625
2258.428657	39.937500
2266.318601	40.078125
2274.225143	40.210938
2280.350850	40.257812
2288.252608	45.796875
2294.384449	51.250000
2302.281477	51.281250
2308.419373	51.203125
2316.311723	51.281250
2324.220299	51.343750
2330.343322	51.343750
2338.247207	51.460938
2344.376250	51.492188
2352.275494	51.578125
2358.410482	51.578125
2366.305137	51.757812
2372.445995	51.867188
2380.336111	51.968750
2388.242031	52.179688
2394.368393	52.179688
2402.269760	52.273438
2408.401960	52.468750
2416.298823	52.695312
2422.436790	52.695312
2430.329196	52.804688
2438.237068	53.023438
2444.360857	53.375000
2452.264260	53.585938
2458.393785	53.585938
2466.292764	54.000000
2472.427956	54.742188
2480.322560	55.296875
2486.463352	55.296875
2494.353624	55.343750
2502.258979	55.343750
2508.385935	57.359375
2516.286947	58.460938
2522.419473	58.460938
2530.316186	58.460938
2536.454218	58.460938
2544.346674	58.460938
2552.253906	57.632812
2558.378393	58.187500
2566.281356	58.187500
2572.411320	58.187500
2580.310059	58.187500
2586.445437	58.187500
2594.339993	56.609375
2602.249027	56.609375
2608.371139	56.468750
2616.275979	56.468750
2622.403478	56.468750
2630.304165	54.250000
2636.436990	54.250000
2644.333564	54.250000
2650.471656	53.156250
2658.364159	53.156250
2666.270804	53.179688
2672.395929	53.179688
2680.298491	53.179688
2686.428856	53.179688
2694.327374	53.203125
2700.462923	53.507812
2708.357436	53.507812
2716.265819	53.507812
2722.388657	53.507812
2730.293025	53.531250
2736.421020	53.531250
2744.321410	53.531250
2750.454508	54.546875
2758.350957	54.546875
2764.489103	54.546875
2772.381648	57.617188
2780.287755	57.617188
2786.413465	57.617188
2794.315659	57.617188
2800.446393	58.406250
2808.344708	59.882812
2814.480414	59.882812
2822.374887	59.882812
2830.282671	59.882812
2836.406177	59.882812
2844.310110	58.437500
2850.438563	58.640625
2858.338678	58.640625
2864.472028	58.640625
2872.368361	58.640625
2880.277764	56.468750
2886.399141	56.468750
2894.304752	56.468750
2900.431002	56.921875
2908.332856	56.921875
2914.463930	56.921875
2922.362058	56.171875
2928.497908	56.171875
2936.392344	56.171875
2944.299577	56.171875
2950.423698	58.742188
2958.327230	59.281250
2964.456105	58.289062
2972.355968	57.703125
2978.489550	57.703125
2986.385775	57.500000
2994.294575	57.101562
3000.416638	56.648438
3008.321791	56.562500
3014.448540	56.562500
3022.350079	56.390625
3028.481468	56.187500
3036.379423	56.148438
3042.515407	56.148438
3050.409809	56.078125
3058.316530	56.046875
3064.441221	56.000000
3072.344382	55.960938
3078.473648	55.960938
3086.373276	55.921875
3092.507074	55.914062
3100.403200	55.843750
3108.311439	55.781250
3114.434138	55.781250
3122.338867	55.664062
3128.466078	55.765625
3136.367325	55.718750
3142.499006	55.718750
3150.396800	55.632812
3158.306508	55.601562
3164.427278	55.906250
3172.333526	55.921875
3178.458746	55.921875
3186.361561	55.937500
3192.491190	56.289062
3200.390601	56.320312
3206.524598	56.320312
3214.420632	56.304688
3222.328351	56.273438
3228.451641	56.406250
3236.355975	56.328125
3242.483616	56.328125
