0.000000	38.679688
10.000000	38.679688
20.000000	36.218750
22.360680	38.593750
31.622777	38.593750
41.231056	38.593750
50.990195	34.617188
60.827625	34.617188
63.245553	34.617188
72.801099	34.617188
82.462113	33.109375
92.195445	33.109375
101.980390	33.109375
104.403065	33.109375
114.017543	32.343750
123.693169	32.343750
133.416641	32.343750
136.014705	31.468750
145.602198	29.296875
155.241747	29.296875
164.924225	29.296875
174.642492	27.210938
177.200451	27.210938
186.815417	27.210938
196.468827	27.210938
206.155281	28.507812
215.870331	28.507812
218.403297	28.507812
228.035085	28.507812
237.697286	30.398438
247.386338	30.398438
257.099203	30.398438
259.615100	28.218750
269.258240	32.609375
278.926514	32.609375
288.617394	32.609375
298.328678	35.867188
300.832179	35.867188
310.483494	35.867188
320.156212	35.867188
329.848450	36.382812
339.558537	35.968750
342.052628	35.234375
351.710108	34.585938
361.386220	34.234375
371.079506	33.937500
380.788655	33.281250
383.275358	33.703125
392.937654	27.617188
402.616443	27.570312
412.310563	27.476562
414.849370	27.375000
424.499706	25.000000
434.165867	25.000000
443.846820	25.000000
453.541619	25.000000
456.070170	25.000000
465.725241	25.000000
475.394573	25.000000
485.077313	25.000000
494.772675	25.000000
497.292670	25.000000
506.951674	25.000000
516.623654	25.000000
526.307895	25.000000
536.003731	25.000000
538.516481	25.000000
548.178803	25.000000
557.853027	25.000000
567.538545	25.000000
577.234788	25.000000
579.741322	25.000000
589.406481	25.000000
599.082632	25.000000
608.769250	25.000000
618.465844	25.000000
620.966988	25.000000
630.634601	25.000000
640.312424	25.000000
650.000000	25.000000
659.696900	26.000000
662.193325	26.000000
671.863081	26.000000
681.542368	26.000000
691.230786	28.031250
693.757883	25.109375
703.420216	25.109375
713.091859	25.000000
722.772440	25.000000
732.461603	25.000000
734.982993	25.000000
744.647568	25.000000
754.320887	25.000000
764.002618	25.000000
773.692445	25.000000
776.208735	25.000000
785.875308	25.000000
795.550124	25.000000
805.232886	25.000000
814.923309	25.000000
817.435013	25.000000
827.103379	25.000000
836.779541	25.000000
846.463230	25.000000
856.154192	25.000000
858.661749	25.000000
868.331734	25.000000
878.009112	25.000000
887.693641	25.000000
897.385090	25.000000
899.888882	25.000000
909.560333	25.000000
919.238816	25.000000
928.924109	25.000000
938.616002	25.000000
941.116358	25.000000
950.789146	25.000000
960.468636	25.000000
970.154627	25.000000
972.676719	25.000000
982.344135	25.000000
992.018145	25.000000
1001.698557	25.210938
1011.385189	25.539062
1013.903348	25.539062
1023.572176	25.867188
1033.247308	26.000000
1042.928569	26.000000
1052.615789	26.000000
1055.130324	26.000000
1064.800451	26.265625
1074.476617	26.914062
1084.158660	27.562500
1093.846424	26.148438
1096.357606	26.593750
1106.028933	26.593750
1115.706054	26.593750
1125.388822	28.187500
1135.077090	28.781250
1137.585162	28.664062
1147.257600	29.093750
1156.935608	29.687500
1166.619047	30.500000
1176.307783	31.390625
1178.812962	31.320312
1188.486432	31.960938
1198.165264	31.953125
1207.849328	31.953125
1217.538500	31.781250
1220.040983	31.687500
1229.715414	31.117188
1239.395014	30.468750
1249.079661	29.890625
1251.598977	29.890625
1261.269202	28.914062
1270.944531	28.039062
1280.624847	27.125000
1290.310040	27.617188
1292.826361	28.156250
1302.497601	28.484375
1312.173769	28.867188
1321.854758	29.773438
1331.540461	30.750000
1334.053972	30.929688
1343.726163	31.734375
1353.403118	31.304688
1363.084737	30.656250
1372.770920	30.078125
1375.281789	30.078125
1384.954873	29.859375
1394.632568	29.671875
1404.314780	29.507812
1414.001414	30.351562
1416.509795	30.078125
1426.183719	31.382812
1435.862110	32.664062
1445.544880	33.906250
1455.231940	33.906250
1457.737974	32.992188
1467.412689	35.968750
1477.091737	35.968750
1486.775033	35.968750
1496.462495	35.593750
1498.966310	35.593750
1508.641773	35.593750
1518.321442	35.593750
1528.005236	35.687500
1530.522787	35.687500
1540.194793	35.687500
1549.870962	35.687500
1559.551217	36.828125
1569.235483	36.828125
1571.750616	39.351562
1581.423409	39.351562
1591.100248	40.789062
1600.781059	40.789062
1610.465771	40.789062
1612.978611	40.789062
1622.652150	42.562500
1632.329624	42.562500
1642.010962	42.562500
1651.696098	44.570312
1654.206759	44.570312
1663.881005	44.570312
1673.559082	44.570312
1683.240922	42.976562
1692.926460	42.976562
1702.615635	42.976562
1712.308383	38.226562
1722.004646	38.226562
1731.704363	38.226562
1741.407477	33.796875
1751.113931	33.796875
1760.823671	33.796875
1770.536642	31.031250
1780.252791	31.031250
1789.972067	31.031250
1792.344833	30.812500
1802.054383	28.546875
1811.767093	28.546875
1821.482912	28.546875
1831.201791	27.046875
1840.923681	27.046875
1850.648535	27.046875
1860.376306	26.328125
1870.106949	26.328125
1879.840419	26.328125
1889.576672	25.773438
1899.315666	25.773438
1909.057359	25.773438
1918.801709	26.210938
1928.548677	26.210938
1938.298223	26.210938
1948.050307	26.882812
1957.804893	26.882812
1967.561943	26.882812
1977.321421	27.968750
1987.083290	27.968750
1996.847515	27.968750
2006.614064	27.312500
2016.382900	27.312500
2026.153992	27.312500
2035.927307	23.781250
2045.702813	23.851562
2055.480479	23.921875
2065.260274	23.992188
2075.042168	26.390625
2084.826132	28.046875
2094.612136	26.703125
2104.400152	26.703125
2114.190152	26.023438
2123.982109	25.000000
2133.775996	24.726562
2143.571786	24.578125
2153.369453	24.671875
2163.168972	24.734375
2165.178976	24.734375
2174.971264	24.757812
2184.765434	24.765625
2194.561460	24.750000
2204.359317	24.710938
2214.158983	24.664062
2223.960431	24.640625
2233.763640	24.617188
2243.568586	24.632812
2253.375246	24.671875
2263.183598	24.742188
2272.993621	24.796875
2282.805292	24.796875
2292.618590	24.828125
2302.433495	24.867188
2312.249986	24.828125
2322.068044	24.757812
2331.887647	24.773438
2341.708778	24.781250
2351.531416	24.750000
2361.355543	24.703125
2371.181140	24.617188
2381.008190	24.492188
2390.836674	24.359375
2400.666574	24.156250
2410.497874	23.875000
2420.330556	23.867188
2430.164603	24.132812
2440.000000	24.367188
2449.836729	24.171875
2459.674775	23.664062
2469.514122	23.171875
2479.354755	22.781250
2489.196658	22.406250
2499.039816	22.484375
2508.884214	22.609375
2518.729839	22.554688
2528.576675	22.445312
2530.335946	22.523438
2540.177159	22.335938
2550.019608	22.093750
2559.863278	21.828125
2569.708155	21.398438
2579.554225	20.984375
2589.401475	20.601562
2599.249892	20.304688
2609.099462	20.179688
2618.950171	20.343750
2628.802009	20.320312
2638.654960	20.218750
2648.509015	20.093750
2658.364159	20.031250
2668.220381	19.945312
2678.077669	19.890625
2687.936011	19.757812
2697.795396	19.390625
2707.655813	19.218750
2717.517249	19.296875
2727.379695	19.156250
2737.243139	18.859375
2747.107570	18.578125
2756.972978	18.132812
2766.839352	17.773438
2776.706682	17.625000
2786.574959	17.429688
2796.444171	17.117188
2806.314309	16.765625
2816.185363	16.523438
2826.057324	16.281250
2835.930182	15.968750
2845.803929	15.664062
2855.678553	15.453125
2865.554048	15.226562
2875.430403	14.953125
2885.307609	14.765625
2895.185659	14.609375
2896.756807	14.656250
2906.630351	14.476562
2916.504757	14.281250
2926.380016	14.039062
2936.256120	13.828125
2946.133059	13.601562
2956.010825	13.343750
2965.889411	13.117188
2975.768808	12.820312
2985.649008	12.500000
2995.530003	12.226562
3005.411785	11.921875
3015.294347	11.570312
3025.177681	11.265625
3035.061779	10.968750
3044.946633	10.578125
3054.832238	10.164062
3064.718584	9.703125
3074.605666	9.195312
3084.493475	8.734375
3094.382006	8.234375
3104.271251	7.609375
3114.161203	6.835938
3124.051856	6.000000
3133.943203	5.218750
3143.835237	4.476562
3153.727953	3.742188
3163.621343	3.078125
3173.515401	2.226562
3183.410121	1.671875
3193.305497	1.390625
3203.201523	1.445312
3213.098193	1.562500
3222.995501	1.023438
3232.893441	0.132812
3242.792007	-0.718750
3252.691193	-0.039062
3262.590995	1.757812
3272.491406	3.046875
3273.912033	3.000000
3283.808764	3.664062
3293.706119	4.351562
3303.604093	5.250000
3313.502678	6.054688
3323.401872	7.132812
3333.301667	7.968750
3343.202058	8.601562
3353.103040	31.343750
3363.004609	29.171875
3372.906758	29.171875
3382.809483	29.171875
3392.712779	27.437500
3402.616640	27.437500
3412.521062	27.437500
3422.426040	28.296875
3432.331569	28.296875
3442.237644	28.296875
3452.144261	28.757812
3462.051415	28.757812
3471.959101	28.757812
3481.867315	28.929688
3491.776052	28.929688
3501.685309	28.929688
3511.595079	28.929688
3521.505360	28.929688
3531.416147	28.929688
3541.327435	27.906250
3551.239220	27.906250
3561.151499	27.906250
3571.064267	27.859375
3580.977520	27.859375
3590.891254	27.859375
3600.805465	28.046875
3610.720150	28.046875
3620.635303	28.046875
3630.550922	28.218750
3640.467003	28.218750
3641.771547	28.218750
3651.684543	28.218750
3661.598012	30.421875
3671.511950	30.421875
3681.426354	30.421875
3691.341220	29.640625
3701.256543	29.640625
3711.172322	29.640625
3721.088550	28.171875
3731.005226	28.171875
3740.922346	28.171875
3750.839906	28.312500
3760.757902	28.312500
3770.676332	28.312500
3780.595191	28.296875
3790.514477	28.296875
3800.434186	28.296875
3810.354314	29.796875
3820.274859	30.125000
3830.195817	30.273438
3840.117186	30.671875
3850.038961	30.671875
3859.961140	30.671875
3869.883719	30.867188
3879.806696	30.867188
3889.730068	30.867188
3899.653831	31.296875
3909.577982	31.296875
3919.502519	31.296875
3929.427439	29.757812
3939.352739	29.757812
3949.278415	29.757812
3959.204466	29.226562
3969.130887	29.226562
3979.057677	29.437500
3988.984833	29.437500
3998.912352	29.437500
4008.840231	29.406250
4010.049875	29.406250
4019.975124	29.406250
4029.900743	29.406250
4039.826729	30.000000
4041.051843	29.570312
4050.975191	28.757812
4060.898915	28.101562
4062.142292	28.101562
4072.063359	28.000000
4073.327878	28.000000
4083.246258	28.000000
4093.165035	28.000000
4094.447460	28.000000
4104.363532	28.000000
4105.666816	28.000000
4115.580154	28.000000
4125.493910	28.000000
4126.814752	28.000000
4136.725758	28.000000
4138.067182	28.000000
4147.975410	28.000000
4157.884077	28.000000
4159.242720	28.000000
4169.148594	28.000000
4170.527545	28.000000
4180.430600	28.000000
4190.334116	28.000000
4191.729953	28.000000
4201.630636	29.296875
4203.046514	29.296875
4212.944339	30.000000
4222.842644	30.000000
4224.275086	30.000000
4234.170521	30.000000
4244.066446	30.000000
4245.515281	30.000000
4255.408324	30.000000
4256.876789	30.000000
4266.766926	31.117188
4276.657573	31.117188
4278.142120	31.117188
4288.029851	31.117188
4289.533774	31.070312
4299.418565	32.140625
4309.303888	32.140625
4310.823587	32.140625
4320.705961	32.140625
4322.244787	32.140625
4332.124190	33.820312
4342.004146	33.820312
4343.558449	31.960938
4353.435425	31.960938
4355.008611	31.960938
4364.882587	32.750000
4374.757136	32.750000
4376.345507	32.750000
4386.217049	32.750000
4387.824062	31.640625
4397.692577	33.656250
4407.561684	33.656250
4409.183598	33.656250
4419.049672	33.656250
4420.689991	33.656250
4430.553013	32.726562
4440.416647	32.726562
4442.071589	29.820312
4451.932165	29.820312
4453.605281	29.820312
4463.462781	29.578125
4473.320914	29.578125
4475.008380	29.578125
4484.863432	29.578125
4486.568845	30.062500
4496.420799	30.210938
4506.273405	30.210938
4507.992902	30.210938
4517.842405	30.210938
4519.579626	30.210938
4529.426012	30.117188
4539.273070	30.117188
4541.024114	31.687500
4550.868049	31.687500
4552.636599	31.687500
4562.477397	30.812500
4572.318887	30.812500
4574.101005	30.812500
4583.939354	30.812500
4593.778401	30.046875
4595.573958	32.546875
4605.409862	32.546875
4607.222591	32.546875
4617.055339	32.546875
4626.888804	30.453125
4628.714724	30.453125
4638.545031	30.453125
4640.387915	32.757812
4650.215049	32.757812
4660.042918	31.382812
4661.898755	31.382812
4671.723451	31.382812
4673.596046	31.382812
4683.417556	31.382812
4693.239819	30.593750
4695.125131	30.656250
4704.944208	30.015625
4706.846078	30.367188
4716.661955	30.179688
4726.478605	29.992188
4728.392962	30.648438
4738.206412	30.562500
4740.137129	31.164062
4749.947368	31.164062
4759.758397	31.164062
4761.701377	31.531250
4771.509195	31.632812
4773.468341	31.960938
4783.272938	32.335938
4793.078343	32.250000
4795.049531	32.250000
4804.851715	32.250000
4806.838878	32.250000
4816.637832	32.250000
4826.437610	31.742188
4828.436600	32.351562
4838.233149	32.351562
4840.247928	32.351562
4850.041237	32.351562
4859.835388	31.101562
4861.861783	31.101562
4871.652697	31.101562
4873.694697	31.406250
4883.482364	31.406250
4893.270890	30.906250
4895.324300	30.906250
4905.109581	30.906250
4914.895726	30.906250
4916.960443	30.906250
4926.743346	30.539062
4928.823389	30.500000
4938.603041	30.500000
4948.383574	30.500000
4950.474725	30.500000
4960.252010	30.546875
4962.358310	30.546875
4972.132339	30.546875
4981.907265	30.546875
4984.024478	30.421875
4993.796151	29.828125
4995.928342	29.828125
5005.696755	29.828125
5015.466080	29.828125
5017.608992	29.828125
5027.375061	29.898438
5029.532781	30.070312
5039.295586	30.070312
5049.059318	30.070312
5051.227574	30.070312
5060.988046	30.460938
5063.170943	30.460938
5072.928149	30.460938
5082.686298	30.460938
5084.879546	30.312500
5094.634432	30.273438
5096.842160	30.273438
5106.593777	30.273438
5116.346353	30.273438
5118.564252	30.273438
5128.313563	29.687500
5130.545780	30.367188
5140.291821	30.367188
5150.038835	30.367188
5152.281048	30.367188
5162.024797	30.726562
5164.281170	30.726562
5174.021647	30.726562
5183.763112	30.726562
5186.029310	31.117188
5195.767508	32.039062
5198.047710	32.039062
5207.782638	32.039062
5217.518567	32.039062
5219.808426	32.039062
5229.541089	33.000000
5231.844799	31.500000
5241.574191	31.500000
5251.304600	31.500000
5253.617801	31.500000
5263.344944	32.492188
5273.073108	32.492188
5275.395720	32.492188
5285.120623	32.492188
5287.456856	32.078125
5297.178494	31.968750
5306.901167	31.968750
5309.246651	31.968750
5318.966065	31.968750
5321.325023	31.968750
5331.041174	30.882812
5340.758373	30.882812
5343.126426	32.171875
5352.840368	32.171875
5355.221751	32.171875
5364.932432	34.703125
5374.644174	34.703125
5377.034499	34.703125
5386.742986	34.703125
5389.146500	38.203125
5398.851730	38.226562
5408.558033	38.226562
5410.970338	38.226562
5420.673390	38.226562
5423.098745	38.226562
5432.798542	39.242188
5442.499426	39.242188
5444.933425	40.679688
5454.631060	40.679688
