0.000000	25.312500
10.000000	25.312500
14.142136	25.156250
22.360680	25.703125
31.622777	25.703125
41.231056	25.703125
44.721360	25.703125
53.851648	27.570312
63.245553	27.570312
72.801099	27.570312
76.157731	27.570312
85.440037	28.742188
94.868330	28.742188
104.403065	28.742188
107.703296	29.406250
117.046999	31.562500
126.491106	31.562500
136.014705	31.562500
139.283883	31.562500
148.660687	28.421875
158.113883	28.421875
167.630546	28.421875
170.880075	28.421875
180.277564	29.187500
189.736660	29.187500
199.248588	29.187500
202.484567	31.562500
211.896201	31.632812
221.359436	31.632812
230.867928	31.632812
234.093998	31.632812
243.515913	31.046875
252.982213	31.046875
262.488095	31.046875
265.706605	31.046875
275.136330	31.382812
284.604989	31.382812
294.108823	31.382812
297.321375	30.203125
306.757233	30.921875
316.227766	30.921875
325.729949	30.921875
328.937684	30.921875
338.378486	33.976562
347.850543	33.976562
357.351368	31.078125
360.555128	13.007812
370.000000	12.906250
379.473319	13.046875
388.973007	12.867188
392.173431	12.843750
401.621713	12.210938
411.096096	11.468750
414.366987	10.296875
423.792402	9.375000
433.243580	8.453125
442.718872	7.507812
445.982062	6.039062
455.411901	4.914062
464.865572	4.382812
474.341649	3.828125
477.598157	2.867188
487.031826	2.390625
496.487663	2.203125
505.964426	1.679688
509.215082	1.375000
518.652099	0.789062
528.109837	0.164062
537.587202	-0.289062
540.832691	-0.710938
550.272660	-1.046875
559.732079	-0.835938
569.209979	-0.742188
572.450871	-0.703125
581.893461	-0.304688
591.354378	0.562500
600.832755	1.789062
604.069532	1.328125
613.514466	1.007812
622.976725	0.656250
632.455532	0.429688
635.688603	1.273438
645.135645	2.507812
654.599114	3.296875
664.078309	2.898438
667.308025	2.109375
676.756973	1.476562
680.073525	0.945312
689.492567	0.937500
692.892488	0.960938
702.281995	1.343750
705.762000	2.023438
709.365914	2.632812
718.679344	3.023438
722.357252	3.507812
726.154254	3.929688
735.391052	4.085938
739.256383	4.046875
748.465096	3.632812
752.396172	3.695312
756.439026	4.132812
765.571682	4.476562
769.675256	4.851562
778.781099	5.039062
782.943165	5.750000
787.210264	6.476562
796.241169	6.835938
800.562302	6.984375
804.984472	6.914062
813.941030	6.765625
818.413099	6.625000
827.345152	7.000000
831.865374	7.695312
836.480723	8.156250
845.340168	8.437500
850.000000	8.421875
858.836422	8.359375
863.539229	8.398438
868.331734	8.437500
877.097486	8.484375
881.929702	8.750000
886.848352	9.125000
895.544527	9.437500
900.499861	9.875000
909.175451	10.156250
914.166287	10.507812
919.238816	10.898438
927.846970	11.085938
932.952303	11.398438
938.136451	11.742188
946.678404	11.960938
951.892851	12.242188
960.416576	12.429688
965.660396	12.718750
970.978888	13.007812
979.438615	13.164062
984.784240	13.437500
993.227064	13.601562
998.599019	13.867188
1004.041832	14.062500
1012.422837	14.125000
1017.889974	14.335938
1023.425620	14.562500
1031.746093	14.585938
1037.304198	14.765625
1045.609870	14.750000
1051.189802	14.898438
1056.834897	15.218750
1065.082156	15.406250
1070.747403	15.585938
1078.981001	15.632812
1084.665847	15.734375
1090.412766	15.664062
1098.590005	15.359375
1104.355015	15.523438
1110.180166	15.843750
1118.302285	15.976562
1124.144119	16.210938
1132.254388	16.226562
1138.112472	16.687500
1144.027972	16.851562
1152.085066	16.867188
1158.015544	17.203125
1166.061748	17.179688
1172.006826	17.101562
1178.006791	17.414062
1186.001686	17.601562
1192.015101	17.804688
1198.081800	17.890625
1206.026534	17.890625
1212.105606	17.968750
1220.040983	18.171875
1226.132130	18.257812
1232.274320	18.539062
1240.161280	18.820312
1246.314567	19.210938
1254.192968	19.406250
1260.357092	19.570312
1266.570172	19.664062
1274.401820	19.773438
1280.624847	19.906250
1286.895489	20.734375
1294.681428	21.117188
1300.961183	22.078125
1308.739852	22.234375
1315.028517	22.500000
1321.362933	22.500000
1329.097438	22.500000
1335.440002	22.500000
1343.167897	22.500000
1349.518433	22.500000
1355.912977	22.500000
1363.598181	22.500000
1370.000000	22.500000
1376.444696	22.500000
1384.088147	22.500000
1390.539464	22.500000
1398.177385	22.500000
1404.635184	22.500000
1411.134296	22.500000
1418.731828	22.500000
1425.236822	22.500000
1432.829369	22.500000
1439.340127	22.500000
1445.890729	22.500000
1453.444185	22.500000
1460.000000	22.500000
1466.594695	22.500000
1474.109901	22.500000
1480.709289	22.500000
1488.220414	22.500000
1494.824404	22.500000
1501.465950	22.500000
1508.940025	22.500000
1515.585695	22.500000
1523.056138	22.500000
1529.705854	22.500000
1536.391877	22.500000
1543.826415	22.500000
1550.516043	22.500000
1557.241150	22.500000
1564.640534	22.500000
1571.368830	22.500000
1578.765340	22.500000
1585.496768	22.500000
1592.262541	22.500000
1599.624956	22.500000
1606.393476	22.500000
1613.753389	22.500000
1620.524606	22.500000
1627.329100	22.500000
1634.655927	22.500000
1641.462762	22.500000
1648.302157	22.500000
1655.596569	22.500000
1662.437969	22.500000
1669.730517	22.500000
1676.573887	23.000000
1683.448841	23.062500
1690.709910	23.062500
1697.586522	23.375000
1704.846034	23.812500
1711.724277	24.132812
1718.633178	24.000000
1725.862103	24.000000
1732.772345	24.000000
1739.712620	24.000000
1746.911560	24.000000
1753.852901	24.000000
1761.050823	23.960938
1767.993213	23.921875
1774.964788	23.921875
1782.133553	23.648438
1789.105922	23.515625
1796.273921	23.187500
1803.247071	23.382812
1810.248602	23.710938
1817.388236	23.914062
1824.390309	24.132812
1831.420214	24.359375
1838.532023	24.460938
1845.562245	24.539062
1852.673744	24.312500
1859.704278	24.218750
1866.761902	24.445312
1873.846312	24.281250
1880.904038	24.609375
1887.988347	24.882812
1895.046174	24.554688
1902.130385	24.242188
1909.188309	23.921875
1916.272423	23.593750
1923.382437	23.265625
1930.414463	23.031250
1937.524193	23.000000
1944.556505	23.000000
1951.665955	23.000000
1958.800653	23.000000
1965.807722	23.000000
1972.941966	23.539062
1980.101008	24.195312
1987.083290	24.296875
1994.241711	24.953125
2001.224625	25.281250
2008.382434	25.273438
2015.564437	25.195312
2022.523177	25.289062
2029.704412	25.046875
2036.663939	25.054688
2043.844417	25.250000
2051.048512	25.578125
2057.984451	25.742188
2065.187643	26.445312
2072.414051	27.562500
2079.326814	25.882812
2086.552180	26.007812
2093.466026	26.007812
2100.690363	26.007812
2107.937380	26.007812
2114.828598	26.007812
2122.074457	26.187500
2128.966886	25.531250
2136.211600	25.531250
2143.478481	25.531250
2150.348809	25.531250
2157.614423	26.570312
2164.901845	26.570312
2171.750446	26.570312
2179.036484	26.570312
2185.886548	27.718750
2193.171220	32.242188
2200.477221	32.242188
2207.306050	32.242188
2214.610575	32.242188
2221.440974	32.242188
2228.744041	35.507812
2236.067977	35.507812
2242.877616	36.906250
2250.199991	36.906250
2257.542912	37.671875
2264.332131	37.671875
