0.000000	18.609375
10.000000	17.679688
14.142136	17.093750
22.360680	15.343750
28.284271	14.765625
36.055513	14.000000
42.426407	14.000000
50.000000	14.000000
56.568542	15.968750
64.031242	16.460938
70.710678	16.703125
78.102497	16.343750
84.852814	16.101562
92.195445	15.609375
98.994949	15.351562
106.301458	14.875000
114.017543	14.421875
120.415946	14.164062
128.062485	12.695312
134.536240	11.359375
142.126704	8.632812
148.660687	7.164062
156.204994	3.570312
162.788206	1.945312
170.293864	-0.062500
176.918060	-0.796875
184.390889	-1.796875
191.049732	-2.414062
198.494332	-3.320312
205.182845	-3.703125
212.602916	-3.976562
219.317122	-4.054688
226.715681	-4.070312
233.452351	-4.101562
240.831892	-4.078125
247.588368	-4.078125
254.950976	-4.015625
261.725047	-3.992188
269.072481	-3.992188
275.862284	-4.015625
283.196045	-4.046875
290.000000	-4.039062
297.321375	-4.015625
304.138127	-3.992188
311.448230	-3.937500
318.904374	-3.851562
325.576412	-3.781250
333.016516	-3.601562
339.705755	-3.484375
347.131099	-3.242188
353.836120	-3.117188
361.247837	-2.757812
367.967390	-2.601562
375.366488	-2.187500
382.099463	-1.992188
389.486842	-1.531250
396.232255	-1.312500
403.608721	-0.828125
410.365691	-0.554688
417.731971	0.015625
424.499706	0.281250
431.856458	0.812500
438.634244	1.117188
445.982062	1.570312
452.769257	1.679688
460.108683	2.023438
466.904701	2.085938
474.236228	2.335938
481.040539	2.351562
488.364618	2.562500
495.176736	2.523438
502.493781	2.695312
509.901951	2.773438
516.623654	2.648438
524.022900	2.687500
530.754180	2.546875
538.144962	2.554688
544.885309	2.445312
552.268051	2.421875
559.016994	2.281250
566.392090	1.984375
573.149195	1.742188
580.517011	0.890625
587.281874	0.562500
594.642750	0.125000
601.414998	0.132812
608.769250	-0.195312
615.548536	-0.265625
622.896460	-0.523438
629.682460	-0.492188
637.024332	-0.578125
643.816744	-0.437500
651.152824	-0.484375
657.951366	-0.390625
665.281895	-0.414062
672.086304	-0.257812
679.411510	0.054688
686.221539	0.546875
693.541635	1.437500
700.927956	1.906250
707.672241	2.007812
715.052446	2.101562
721.803297	2.117188
729.177619	2.187500
735.934780	2.156250
743.303437	2.023438
750.066664	1.945312
757.429865	1.765625
764.198927	1.718750
771.556868	1.476562
778.331549	1.476562
785.684415	1.289062
792.464510	1.414062
799.812478	1.460938
806.597793	1.726562
813.941030	2.125000
820.731381	2.296875
828.070045	2.296875
834.865259	2.187500
842.199501	2.343750
849.588136	2.835938
856.329376	3.023438
863.712915	3.132812
870.459649	3.093750
877.838254	3.093750
884.590301	2.898438
891.964125	2.742188
898.721314	2.390625
906.090503	2.281250
912.852672	2.351562
920.217366	2.546875
926.984358	2.468750
934.344690	2.250000
941.116358	2.289062
948.472456	2.648438
955.248659	2.781250
962.600644	2.796875
969.381246	2.640625
976.729236	2.406250
983.514108	2.218750
990.858214	2.195312
997.647232	2.312500
1004.987562	2.562500
1012.373449	2.554688
1019.117265	2.507812
1026.498904	2.437500
1033.247308	2.554688
1040.624812	2.687500
1047.377678	2.789062
1054.751155	2.796875
1061.508361	2.820312
1068.877916	2.828125
1075.639345	2.859375
1083.005078	2.984375
1089.770618	2.984375
1097.132626	3.046875
1103.902170	3.046875
1111.260546	3.164062
1118.033989	3.242188
1125.388822	3.351562
1132.166066	3.507812
1139.517442	3.757812
1146.298390	3.906250
1153.646393	4.070312
1161.034022	4.312500
1167.775663	4.453125
1175.159564	4.671875
1181.905242	4.789062
1189.285500	5.046875
1196.035117	5.210938
1203.411816	5.578125
1210.165278	5.757812
1217.538500	6.039062
1224.295716	6.164062
1231.665539	6.359375
1238.426421	6.515625
1245.792920	6.843750
1252.557384	7.031250
1259.920632	7.343750
1266.688596	7.562500
1274.048665	7.953125
1280.820050	8.125000
1288.177006	8.570312
1294.951737	8.835938
1302.305648	9.218750
1309.694621	9.476562
1316.434579	9.617188
1323.820229	9.820312
1330.563790	9.867188
1337.946187	9.937500
1344.693274	10.023438
1352.072483	10.289062
1358.823020	10.429688
1366.199107	10.648438
1372.953022	10.703125
1380.326048	11.000000
1387.083271	11.179688
1393.879478	11.406250
1401.213760	11.960938
1408.012784	12.351562
1414.849815	12.648438
1421.724305	12.742188
1428.985654	12.875000
1436.279917	12.937500
1443.121616	12.875000
1450.413734	12.937500
1457.257699	12.875000
1464.547712	12.921875
1471.869559	12.000000
1478.681845	12.000000
1486.001346	12.000000
1493.351934	12.000000
1500.133327	12.000000
1507.481343	12.000000
1514.265499	12.000000
1521.610988	12.000000
1528.986592	12.000000
1535.740864	12.000000
1543.113735	12.000000
1550.516043	12.820312
1557.241150	12.820312
1564.640534	16.320312
1572.068701	19.000000
1578.765340	20.812500
1586.190405	20.812500
1593.643624	20.812500
1600.312469	20.812500
1607.762420	21.906250
1615.239920	21.906250
1621.881623	21.906250
1629.355701	21.906250
1636.856744	22.007812
1643.471935	21.406250
1650.969412	21.406250
1658.493292	21.406250
1665.082581	21.406250
1672.602762	20.000000
1680.148803	20.000000
1686.712779	20.000000
1694.254999	20.234375
1701.822552	21.000000
1708.361788	20.000000
1715.925406	20.000000
1723.513853	19.414062
1730.028901	18.531250
1737.613306	17.000000
1745.222049	17.000000
1751.713447	17.000000
1759.318050	16.531250
1766.946519	15.000000
1773.414785	15.500000
1781.039023	15.500000
1788.686669	15.500000
1795.132307	16.000000
1802.775638	16.000000
1810.441935	16.000000
1816.865433	16.000000
1824.527336	16.234375
1832.211778	17.234375
1838.613608	17.234375
1846.293584	18.000000
1853.995685	18.351562
1860.376306	10.820312
1868.073874	14.320312
1875.793166	17.000000
1882.153022	17.000000
1889.867720	17.703125
1897.603752	20.476562
1903.943276	20.531250
1911.674659	20.531250
1919.426998	20.531250
1925.746608	15.703125
1933.494246	18.703125
1941.262476	20.492188
1947.562579	20.492188
1955.326060	20.492188
1963.109778	18.531250
1969.390769	18.531250
1977.169694	17.000000
1984.968514	17.000000
1991.230775	20.492188
1999.024762	20.421875
2006.838309	20.421875
2013.082214	20.421875
2020.890893	20.421875
2028.718808	20.593750
2034.944717	20.460938
2042.767730	20.460938
2050.609665	20.460938
2056.817931	20.460938
2064.654935	20.593750
2072.510555	20.593750
2078.701518	20.593750
2086.552180	20.593750
2094.421161	20.289062
2100.595154	20.242188
2108.459153	20.242188
2116.341182	20.242188
2122.498528	20.242188
2130.375554	19.921875
2138.270329	19.921875
2144.411341	19.921875
2152.301094	19.921875
2160.208323	19.328125
2166.333308	19.203125
2174.235498	19.203125
2182.154898	19.203125
2188.264152	19.203125
2196.178499	18.953125
2204.109798	18.953125
2210.203611	18.953125
2218.129843	18.953125
2226.072775	19.539062
2232.151429	21.679688
2240.089284	21.679688
2248.043594	21.679688
2254.107362	21.679688
2262.056586	23.140625
2270.022026	23.140625
2276.071176	22.914062
2284.031523	21.000000
2292.007853	21.351562
2298.042645	21.351562
2306.013877	22.210938
2314.000864	22.210938
2320.021552	22.210938
2328.003436	22.062500
2336.000856	22.062500
2342.007686	22.062500
2350.000000	22.062500
2358.007634	20.117188
2364.000846	20.140625
2372.003373	20.140625
2380.021008	20.140625
2386.000838	20.140625
2394.013367	20.140625
2402.040799	20.140625
2408.007475	20.140625
2416.029801	20.140625
2424.066831	19.890625
2430.020576	19.132812
2438.052501	19.132812
2446.098935	19.132812
2452.039967	19.132812
2460.081299	19.132812
2468.136949	19.132812
2474.065480	19.132812
2482.116033	19.132812
2490.180716	19.250000
2496.096953	19.273438
2504.156545	19.273438
2512.230085	19.273438
2518.134230	19.273438
2526.202684	19.242188
2532.113742	19.000000
2540.177159	19.242188
2548.254304	19.242188
2554.153480	19.226562
2562.225595	19.250000
2570.311265	19.250000
2576.198750	19.250000
2584.279397	19.250000
2592.373430	19.257812
2598.249411	19.000000
2606.338428	19.257812
2614.440667	19.257812
2620.305326	19.179688
2628.402557	18.796875
2636.512848	18.796875
2642.366364	18.796875
2650.471656	18.796875
2658.589852	18.273438
2664.432397	18.273438
2672.545603	18.273438
2680.671558	17.531250
2686.503304	17.531250
2694.624278	16.000000
2702.757851	15.531250
2708.578963	15.531250
2716.707566	13.531250
2724.848620	12.000000
2730.659261	15.000000
2738.795356	14.765625
2746.943756	13.765625
2752.744085	13.765625
2760.887538	13.000000
2769.043156	13.351562
2774.833328	13.351562
2782.984010	14.851562
2791.146718	16.000000
2796.926885	19.000000
2805.084669	19.000000
2813.254343	18.765625
2819.024654	18.765625
2827.189417	18.000000
2835.365938	18.000000
2841.126537	18.000000
2849.298159	17.765625
2857.481409	17.000000
2863.232439	15.000000
2871.410803	15.000000
2879.600667	16.171875
2885.342267	16.171875
2893.527259	18.828125
2901.723626	18.828125
2907.455933	18.828125
2915.647441	18.609375
2923.850201	18.609375
2929.573348	18.609375
2937.771264	18.609375
2945.980312	18.703125
2951.694429	18.398438
2959.898647	18.398438
2968.113879	18.398438
2973.819093	18.398438
2982.029510	18.492188
2990.250826	18.492188
2995.947263	18.492188
3004.163777	18.492188
3012.391077	18.929688
3018.078859	18.757812
3026.301373	18.757812
3034.534561	18.757812
3040.213808	18.757812
3048.442225	18.718750
3056.681207	18.718750
3062.352037	18.718750
3070.586263	18.718750
3078.830947	18.937500
3084.493475	18.640625
3092.733419	18.640625
3100.983715	18.640625
3106.638054	18.640625
3114.883625	18.601562
3123.139446	18.601562
3128.785707	18.601562
3137.036818	18.601562
3145.298078	19.046875
3150.936369	20.031250
3159.192935	20.031250
3167.459550	20.031250
3173.089977	20.031250
3181.351914	20.437500
3189.623802	20.437500
3195.246469	20.437500
3203.513696	20.437500
3211.790778	20.273438
3217.405787	19.937500
3225.678223	19.937500
3233.960420	19.937500
3239.567872	19.937500
3247.845440	19.078125
3256.132675	19.078125
3261.732668	19.078125
3270.015290	19.078125
3278.307490	19.437500
3283.900120	20.203125
3292.187722	20.203125
3300.484813	20.203125
3306.070175	20.203125
3314.362684	21.000000
3322.664593	21.000000
3328.242780	21.000000
3336.540124	21.000000
3344.846783	21.296875
3350.417884	20.710938
3358.719994	20.710938
3367.031333	20.710938
3372.595440	20.710938
3380.902246	21.148438
3389.218199	21.148438
3394.775398	21.148438
3403.086834	21.148438
3411.407334	21.593750
3416.957711	21.546875
3425.273712	21.546875
3433.598695	21.546875
3439.142335	21.546875
3447.462835	23.390625
3455.792239	23.390625
3461.329224	23.390625
3469.654161	23.390625
3477.987924	25.140625
3483.518336	25.203125
3491.847648	25.203125
3500.185709	25.203125
3505.709629	25.203125
3514.043255	24.539062
3522.385555	24.539062
3527.903060	24.539062
3536.240942	24.539062
3544.587423	24.312500
3550.098590	21.187500
3558.440670	21.187500
3566.791275	21.187500
3572.296180	21.187500
3580.642400	20.046875
3588.997074	20.046875
3594.495792	20.046875
3602.846097	20.046875
3611.204785	18.062500
3616.697389	17.257812
3625.051724	17.257812
3633.414372	17.257812
3638.900933	17.257812
3647.259245	16.000000
3652.752387	16.000000
3661.106390	13.093750
3669.468626	13.117188
3674.955782	13.085938
3683.313725	13.085938
3691.679834	13.023438
3697.161073	12.812500
3705.522905	12.476562
3713.892836	12.031250
3719.368226	11.656250
3727.733896	11.367188
3733.215772	11.125000
3741.577208	10.851562
3747.065519	10.710938
3755.422746	10.500000
3760.917441	10.414062
3769.270486	10.351562
3774.771516	10.375000
3783.120405	10.562500
3791.477285	10.585938
3796.972478	10.484375
3805.325216	10.382812
3810.826682	10.312500
3819.175304	10.242188
3824.682993	10.195312
3833.027524	10.148438
3838.541390	10.132812
3846.881854	10.109375
3852.401848	10.109375
3860.738271	10.125000
3866.264347	10.140625
3874.596753	10.179688
3880.128864	10.171875
3888.457278	10.187500
3896.793554	10.179688
3902.319823	10.179688
3910.652120	10.226562
3916.184367	10.273438
3924.512709	10.296875
3930.050890	10.304688
3938.375300	10.335938
3943.919370	10.375000
3952.239871	10.390625
3957.789787	10.421875
3966.106403	10.429688
3971.662121	10.507812
3979.974874	10.664062
3988.295375	10.851562
3993.845265	11.015625
4002.161916	11.187500
4007.717555	11.375000
4016.030378	11.578125
4021.591725	11.734375
4029.900743	11.804688
4035.467755	11.875000
4043.772991	12.023438
4049.345626	12.187500
4057.647101	12.304688
4063.225320	12.367188
4071.523057	12.398438
4077.106817	12.484375
4085.400837	12.515625
4093.702481	12.562500
4099.280425	12.648438
4107.578362	12.796875
4113.161801	12.820312
4121.456053	12.734375
4127.044948	12.617188
4135.335537	12.507812
4140.929847	12.398438
4149.216794	12.335938
4154.816482	12.250000
4163.099807	12.250000
4168.704835	12.171875
4176.984558	12.132812
4185.271795	12.140625
4190.871031	12.117188
4199.154677	12.414062
4204.759208	12.601562
4213.039283	13.054688
4218.649073	13.226562
4226.925597	13.390625
4232.540608	13.429688
4240.813601	13.359375
4246.433798	13.289062
4254.703280	13.203125
4260.328626	13.148438
4268.594616	13.164062
4274.225076	13.109375
4282.487595	13.101562
4290.757509	12.804688
4296.382199	12.554688
4304.648650	12.140625
4310.278413	11.984375
4318.541420	11.851562
4324.176222	11.859375
4332.435804	11.843750
4338.075610	11.835938
4346.331787	11.953125
4351.976562	12.664062
4360.229352	13.343750
4365.879064	13.890625
4374.128485	14.101562
4382.385195	14.335938
4388.029170	14.679688
4396.282520	14.929688
4401.931394	15.273438
4410.181402	12.000000
4415.835142	12.000000
4424.081826	12.000000
4432.335727	12.000000
4437.983776	12.000000
4446.234362	12.000000
4451.887240	12.000000
4460.134527	14.570312
4465.792203	14.570312
4474.036209	25.570312
4482.287362	26.546875
4487.939394	26.546875
4496.187274	21.359375
4501.844067	21.359375
4510.088691	21.359375
4515.750215	19.296875
4523.991600	19.296875
4532.240064	20.718750
4537.895988	20.718750
4546.141221	20.718750
4551.801841	20.718750
4560.043859	20.718750
