0.000000	23.101562
10.000000	23.101562
20.000000	23.101562
22.360680	23.343750
31.622777	23.210938
41.231056	23.210938
44.721360	23.210938
53.851648	23.210938
63.245553	22.046875
72.801099	22.046875
76.157731	22.046875
85.440037	22.046875
94.868330	22.390625
98.488578	22.039062
107.703296	22.039062
117.046999	22.039062
120.830460	22.039062
130.000000	22.320312
139.283883	22.320312
143.178211	22.320312
152.315462	22.320312
161.554944	21.226562
170.880075	21.226562
174.642492	15.953125
183.847763	15.843750
193.132079	15.500000
196.977156	15.500000
206.155281	15.500000
215.406592	15.500000
219.317122	15.500000
228.473193	14.273438
237.697286	12.304688
241.660919	10.937500
250.798724	9.132812
260.000000	6.640625
269.258240	4.789062
273.130006	4.132812
282.311884	2.554688
291.547595	1.601562
295.465734	1.515625
304.630924	1.226562
313.847097	0.992188
323.109888	0.742188
326.955654	0.671875
336.154726	0.429688
345.398321	0.242188
349.284984	0.164062
358.468967	-0.023438
367.695526	-0.195312
376.961536	-0.375000
380.788655	-0.406250
390.000000	-0.523438
399.249296	-0.679688
403.112887	-0.695312
412.310563	-0.781250
421.544778	-0.875000
430.813185	-0.960938
434.626276	-0.976562
443.846820	-1.070312
453.100430	-1.156250
456.946386	-1.179688
466.154481	-1.203125
475.394573	-1.164062
484.664833	-1.085938
488.466990	-1.156250
497.694686	-0.960938
506.951674	-0.750000
510.783712	-0.812500
520.000000	-0.718750
529.244745	-0.578125
538.516481	-0.437500
542.309875	-0.492188
551.543289	-0.335938
560.802996	-0.179688
564.623769	-0.218750
573.846669	0.046875
583.095189	0.210938
592.368129	0.281250
596.154342	0.156250
605.392435	0.210938
614.654374	0.195312
618.465844	0.140625
627.694193	0.226562
636.945838	0.367188
646.219777	0.539062
650.000000	0.625000
659.241989	0.757812
668.505797	0.898438
672.309453	0.945312
681.542368	1.078125
690.796642	1.242188
700.071425	1.398438
703.846574	1.476562
713.091859	1.578125
722.357252	1.679688
726.154254	1.718750
735.391052	1.859375
744.647568	2.023438
753.923073	2.195312
757.693870	2.335938
766.941980	2.500000
776.208735	2.726562
780.000000	2.835938
789.240141	3.062500
798.498591	3.304688
807.774721	3.546875
811.541743	3.671875
820.792300	3.953125
830.060239	4.250000
833.846509	4.375000
843.089556	4.656250
852.349693	5.023438
861.626369	5.421875
865.390085	5.601562
874.642784	6.015625
883.911760	6.414062
887.693641	6.578125
896.939240	6.945312
906.200861	7.312500
915.478017	7.718750
919.238816	7.890625
928.493403	8.304688
937.763296	8.710938
941.541290	8.867188
950.789146	9.234375
960.052082	9.554688
969.329665	9.843750
973.087869	9.976562
982.344135	10.242188
991.614845	10.664062
995.389371	10.812500
1004.639239	11.289062
1013.903348	11.695312
1023.181313	12.039062
1026.937194	12.093750
1036.194962	12.390625
1045.466403	12.835938
1049.237819	12.898438
1058.489490	13.117188
1067.754653	13.226562
1077.032961	13.500000
1080.786750	13.648438
1090.045871	13.906250
1099.317970	14.023438
1108.602724	14.101562
1112.339876	14.210938
1121.605991	14.398438
1130.884609	14.484375
1134.636506	14.546875
1143.896848	14.601562
1153.169545	14.609375
1162.454300	14.726562
1166.190379	14.765625
1175.457358	14.960938
1184.736258	15.109375
1188.486432	15.054688
1197.747887	14.992188
1207.021127	14.992188
1216.305883	14.976562
1220.040983	14.984375
1229.308749	14.945312
1238.587906	14.929688
1242.336508	14.937500
1251.598977	14.890625
1260.872714	14.851562
1270.157471	14.789062
1273.891675	14.718750
1283.160161	14.523438
1292.439554	14.476562
1301.729619	14.453125
1305.450114	14.539062
1314.724306	14.507812
1324.009063	14.460938
1327.742445	14.453125
1337.011593	14.312500
1346.291202	14.132812
1355.581056	14.085938
1359.301291	14.046875
1368.575902	13.968750
1377.860661	13.953125
1381.593283	13.921875
1390.863041	13.875000
1400.142850	13.843750
1409.432510	13.742188
1413.152504	13.679688
1422.427503	13.671875
1431.712262	13.664062
1435.444182	13.648438
1444.714505	13.617188
1453.994498	13.562500
1463.283978	13.460938
1467.003749	13.468750
1476.279106	13.406250
1485.563866	13.304688
1494.857853	13.171875
1498.565981	13.132812
1507.846146	12.984375
1517.135459	12.773438
1520.855023	12.695312
1530.130713	12.398438
1539.415473	12.101562
1548.709140	11.992188
1552.417470	11.960938
1561.697794	11.812500
1570.986951	11.625000
1574.706322	11.593750
1583.982323	11.460938
1593.267084	11.390625
1602.560451	11.273438
1606.268969	11.242188
1615.549442	11.070312
1624.838454	10.921875
1628.557644	10.921875
1637.833935	10.812500
1647.118696	10.695312
1656.411785	10.554688
1660.120478	10.484375
1669.401090	10.265625
1678.689965	10.171875
1682.408987	10.132812
1691.685550	10.007812
1700.970311	9.625000
1710.263138	9.398438
1713.971995	9.390625
1723.252738	9.000000
1732.541486	8.804688
1741.838110	8.750000
1745.537167	8.750000
1754.821928	8.875000
1764.114509	8.984375
1767.823521	8.937500
1777.104386	9.156250
1786.393014	9.250000
1795.689283	9.117188
1799.388785	9.109375
1808.673547	9.093750
1817.965896	9.140625
1821.675053	9.179688
1830.956034	9.210938
1840.244549	9.265625
1849.540483	9.265625
1853.240405	9.226562
1862.525168	9.164062
1871.817299	9.101562
1875.526593	9.000000
1884.807682	8.851562
1894.096090	8.632812
1903.391710	8.500000
1907.092027	8.226562
1916.376790	8.109375
1925.668715	8.054688
1934.967700	7.960938
1938.659331	7.671875
1947.947638	7.656250
1957.242959	7.539062
1960.943650	7.054688
1970.228413	6.687500
1979.520144	6.507812
1988.818745	5.906250
1992.510979	5.132812
2001.799191	5.210938
2011.094230	5.554688
2014.795275	4.796875
2024.080038	5.007812
2033.371584	5.093750
2037.081245	3.976562
2046.362627	3.460938
2055.650749	2.484375
2064.945520	1.554688
2068.646901	0.335938
2077.931664	0.335938
2087.223036	1.695312
2090.932806	1.007812
2100.214275	1.632812
2109.502311	1.757812
2113.220291	0.976562
2122.498528	1.335938
2131.783291	1.820312
2135.509307	1.101562
2144.784371	1.593750
2154.065923	2.054688
2163.353878	2.320312
2167.071757	1.335938
2176.350156	2.304688
2185.634919	3.632812
2189.360637	3.890625
2198.635941	4.281250
2207.917571	2.703125
2211.650967	2.968750
2220.923231	3.250000
2230.201785	4.414062
2233.942703	5.054688
2243.211983	5.695312
2252.487514	6.140625
2256.235803	6.531250
2265.502152	6.648438
2274.774714	6.546875
2284.053414	6.703125
2287.793697	6.843750
2297.063343	6.906250
2306.339090	6.937500
2310.086578	7.101562
2319.353358	7.289062
2328.626204	7.390625
2332.380758	7.554688
2341.644721	7.656250
2350.914716	7.656250
2354.676199	7.804688
2358.474083	7.875000
2362.308193	7.960938
2366.178353	8.109375
2370.084387	8.210938
2374.026116	8.343750
2378.003364	8.523438
2387.174062	8.648438
2391.171261	8.765625
2395.203540	8.890625
2399.270723	9.062500
2403.372630	9.210938
2407.509086	9.375000
2411.679912	9.484375
2415.884931	9.609375
2420.123964	9.835938
2429.176815	9.882812
2433.433788	10.250000
2437.724349	10.484375
2442.048321	10.679688
2446.405526	10.835938
2450.795789	10.984375
2455.218931	11.093750
2459.674775	11.265625
2464.163144	11.585938
2468.683860	11.750000
2477.599645	11.617188
2482.136177	12.015625
2486.704647	12.179688
2491.304879	12.304688
2495.936698	12.414062
2500.599928	12.539062
2505.294394	12.726562
2510.019920	12.882812
2514.776332	12.976562
2523.568901	12.953125
2528.339376	13.085938
2533.140344	13.179688
2537.971631	13.429688
2542.833066	13.671875
2547.724475	13.812500
2552.645686	14.000000
2557.596528	14.156250
2562.576828	14.343750
2567.586415	14.476562
2576.237567	14.546875
2581.259383	14.742188
2586.310113	14.937500
2591.389589	15.132812
2596.497641	15.320312
2601.634102	15.500000
2606.798803	15.500000
2611.991577	15.906250
2617.212257	16.101562
2625.737991	16.117188
2630.969403	16.312500
2636.228366	16.406250
2641.514717	16.585938
2646.828291	12.000000
2652.168924	14.335938
2660.620228	21.718750
2665.970743	21.718750
2671.347974	21.718750
2676.751763	21.250000
2682.181948	21.250000
2687.638369	21.250000
2696.015579	21.250000
2701.481075	20.976562
2706.972479	20.976562
2712.489631	20.976562
2718.032377	25.289062
2723.600558	25.289062
2729.194020	25.289062
2737.480594	25.437500
2743.082208	27.296875
2748.708788	27.296875
2754.360180	27.296875
2760.036232	27.906250
2765.736792	27.906250
2773.950252	27.906250
2779.658252	27.906250
2785.390457	25.539062
2791.146718	25.539062
2796.926885	25.539062
2802.730811	24.992188
2810.871751	24.992188
2816.682446	24.992188
2822.516608	24.992188
2828.374091	24.921875
2834.254752	24.921875
