0.000000	46.648438
10.000000	46.648438
14.142136	46.648438
22.360680	46.648438
28.284271	47.601562
36.055513	45.101562
44.721360	45.101562
50.000000	45.101562
58.309519	45.101562
64.031242	45.101562
72.111026	43.351562
78.102497	41.359375
86.023253	41.359375
94.339811	41.359375
100.000000	41.359375
108.166538	32.773438
114.017543	32.773438
122.065556	15.531250
128.062485	15.460938
136.014705	15.414062
144.222051	15.367188
150.000000	15.304688
158.113883	15.976562
164.012195	15.875000
172.046505	16.250000
178.044938	16.101562
186.010752	15.476562
192.093727	15.281250
200.000000	16.093750
208.086520	16.695312
214.009346	15.632812
222.036033	14.398438
228.035085	12.546875
236.008474	11.109375
242.074369	9.789062
250.000000	8.437500
258.069758	7.851562
264.007576	8.085938
272.029410	9.195312
278.028775	11.304688
286.006993	11.929688
292.061637	11.226562
300.000000	10.171875
308.058436	9.335938
314.006369	8.257812
322.024844	7.710938
328.024389	6.976562
336.005952	6.593750
342.052628	6.437500
350.000000	7.054688
358.050276	7.617188
364.005494	7.343750
372.021505	6.906250
378.021163	5.835938
386.005181	5.367188
392.045916	4.320312
400.000000	4.195312
408.044115	4.664062
414.004831	5.070312
422.018957	6.148438
428.018691	6.640625
436.004587	7.406250
442.040722	8.015625
450.000000	8.867188
458.039300	9.687500
464.004310	10.054688
472.016949	10.656250
478.016736	10.335938
486.004115	10.632812
492.036584	11.375000
500.000000	11.921875
508.035432	11.992188
514.003891	11.960938
522.015325	12.890625
528.015151	13.273438
536.003731	13.460938
542.033209	13.718750
550.000000	14.109375
558.032257	14.726562
564.003546	15.031250
572.013986	15.265625
578.013841	15.265625
586.003413	15.453125
592.030405	15.523438
600.000000	15.726562
608.029605	15.843750
614.003257	15.921875
622.012862	16.156250
628.012739	16.164062
636.003145	16.328125
642.028037	16.351562
650.000000	16.445312
658.027355	16.492188
664.003012	16.585938
672.011905	16.820312
678.011799	16.632812
686.002915	16.601562
692.026011	16.609375
700.000000	16.703125
708.025423	16.820312
714.002801	16.929688
722.011080	16.945312
728.010989	16.945312
736.002717	17.046875
742.024258	17.000000
750.000000	17.085938
758.023746	16.984375
764.002618	16.835938
772.010363	16.851562
778.010283	16.820312
786.002545	16.929688
792.022727	16.765625
800.000000	16.695312
806.039701	16.585938
814.002457	16.570312
822.009732	16.453125
828.009662	16.343750
836.002392	16.250000
842.021377	16.101562
850.000000	16.039062
856.037382	15.953125
864.002315	15.921875
872.009174	15.812500
878.009112	15.773438
886.002257	15.867188
892.020179	15.789062
900.000000	15.851562
906.035319	15.898438
914.002188	15.914062
922.008677	15.835938
928.008621	15.867188
936.002137	16.023438
942.019108	15.992188
950.000000	16.007812
956.033472	16.007812
964.002075	16.023438
972.008230	16.062500
978.008180	16.203125
986.002028	16.234375
992.018145	16.140625
1000.000000	16.148438
1006.031809	16.320312
1014.001972	16.296875
1022.007828	16.304688
1028.007782	16.210938
1036.001931	16.187500
1042.017274	16.109375
1050.000000	16.078125
1056.030303	15.906250
1064.001880	15.992188
1072.007463	15.890625
1078.007421	15.703125
1086.001842	15.734375
1092.016483	15.726562
1100.000000	15.617188
1106.028933	15.765625
1114.001795	15.804688
1122.007130	15.765625
1128.007092	15.734375
1136.001761	15.539062
1142.015762	15.359375
1150.000000	15.445312
1156.027681	15.593750
1164.001718	15.671875
1172.006826	15.468750
1178.006791	15.515625
1186.001686	15.617188
1192.015101	15.578125
1200.000000	15.710938
1206.026534	15.593750
1214.001647	15.343750
1222.006547	15.250000
1228.006515	15.703125
1236.001618	15.687500
1242.014493	15.664062
1250.000000	15.546875
1256.025477	15.648438
1264.001582	15.789062
1272.006289	15.882812
1278.006260	16.031250
1286.001555	16.078125
1292.013932	16.265625
1300.000000	16.421875
1306.024502	16.609375
1314.001522	16.757812
1322.006051	16.859375
1328.006024	16.953125
1336.001497	17.101562
1342.013413	17.226562
1350.000000	17.437500
1356.023599	17.312500
1364.001466	17.507812
1372.005831	17.578125
1378.005806	17.640625
1386.001443	17.554688
1392.012931	17.726562
1400.000000	17.601562
1406.022759	17.789062
1414.001414	17.687500
1420.035211	17.523438
1428.005602	17.445312
1436.001393	17.500000
1442.012483	17.664062
1450.000000	17.507812
1456.021978	17.250000
1464.001366	17.117188
1470.034013	17.570312
1478.005413	17.570312
1484.048517	17.812500
1492.012064	17.968750
1498.065419	18.109375
1506.021248	18.187500
1512.084654	18.468750
1520.032894	18.476562
1526.106156	18.726562
1534.046935	18.750000
1540.129865	18.906250
1548.063306	18.968750
1554.155719	19.257812
1562.081944	19.914062
1568.183663	20.203125
1576.102789	20.093750
1582.213639	20.023438
1590.125781	20.328125
1596.245595	20.773438
1604.150866	21.078125
1610.279479	21.343750
1618.177988	21.539062
1624.315240	21.773438
1632.207095	21.859375
1638.352831	21.921875
1646.238136	21.898438
1652.392205	21.812500
1660.271062	21.570312
1666.433317	21.218750
1674.305826	20.953125
1680.476123	21.007812
1688.342382	20.859375
1694.520581	20.664062
1702.380686	20.257812
1708.566651	19.859375
1716.420694	19.750000
1722.614292	19.828125
1730.462366	19.734375
1736.663468	19.539062
1744.505661	19.390625
1750.714140	19.265625
1758.550540	19.335938
1764.766273	19.335938
1772.596965	19.625000
1778.819833	19.789062
1786.644900	20.117188
1792.874786	20.156250
1800.694311	20.476562
1806.931100	20.437500
1814.745161	20.578125
1820.988742	20.343750
1828.797419	20.312500
1835.047683	20.093750
1842.851052	20.125000
1849.107893	20.304688
1856.906029	20.625000
1863.169343	20.914062
1870.962319	21.156250
1877.232005	21.242188
1885.019894	21.429688
1891.295852	21.382812
1899.078724	21.539062
1905.360858	21.414062
1913.138782	21.578125
1919.426998	21.515625
1927.200042	21.835938
1933.494246	21.984375
1941.262476	22.382812
1947.562579	22.500000
1955.326060	22.500000
1961.631974	22.500000
1969.390769	22.500000
1975.702407	22.500000
1983.456579	22.500000
1989.773856	22.500000
1997.523467	22.500000
2003.846301	22.500000
2011.591410	22.500000
2017.919721	22.500000
2025.660386	22.500000
2031.994094	22.500000
2039.730374	22.500000
2046.069403	22.500000
2053.801354	22.500000
2060.145626	22.500000
2067.873304	22.500000
2074.222746	22.500000
2081.946205	22.500000
2088.300745	22.500000
2096.020038	22.500000
2102.379604	22.500000
2110.094785	22.500000
2116.459307	22.500000
2124.170426	22.500000
2130.539838	22.500000
2138.246946	22.500000
2144.621179	22.500000
2152.324325	22.500000
2158.703314	22.500000
2166.402548	22.500000
2172.786230	22.500000
2180.481598	22.500000
2186.869909	22.500000
2194.561460	22.500000
2200.954338	22.500000
2208.642117	22.500000
2215.039503	22.500000
2222.723555	22.500000
2229.125389	22.500000
2236.805758	21.937500
2243.211983	22.500000
2249.644416	22.500000
2256.102835	22.500000
2263.735850	22.500000
2270.198229	22.500000
2276.686188	22.500000
2284.294202	22.500000
2290.785891	22.500000
2297.302766	22.500000
2303.844613	22.500000
2311.406498	22.500000
2317.951682	22.500000
2324.521456	22.500000
2332.059176	22.500000
2338.632079	22.500000
2345.229200	22.500000
2351.850335	22.500000
2359.343129	22.500000
2365.967033	22.500000
2372.614592	22.500000
2379.285607	22.500000
2386.734170	22.500000
2393.407613	22.500000
2400.104164	22.500000
2407.529854	22.500000
2414.228655	22.500000
2420.950227	22.500000
2427.694379	22.500000
2435.077001	22.500000
2441.823089	22.500000
2448.591432	22.500000
2455.951954	22.500000
2462.722071	22.500000
2469.514122	22.500000
2476.327927	22.500000
2483.646513	22.500000
2490.461805	22.500000
2497.298540	22.500000
2504.595776	22.500000
2511.433853	22.500000
2518.293073	22.500000
2525.173261	22.500000
2532.429663	22.500000
2539.310930	22.500000
2546.212874	22.500000
2553.135327	22.500000
2560.351538	22.500000
2567.274820	22.500000
2574.218328	22.500000
2581.414341	22.500000
2588.358553	22.500000
2595.322716	22.500000
2602.306669	22.500000
2609.463546	22.500000
2616.447974	22.500000
2623.451924	22.500000
2630.589288	23.382812
2637.593600	23.382812
2644.617175	23.382812
2651.659858	23.476562
2658.759109	23.796875
2665.801943	24.000000
2672.863633	24.039062
2679.944029	24.328125
2687.005769	24.117188
2694.086116	24.445312
2701.184925	24.773438
2708.228203	25.218750
2715.326868	25.382812
2722.443755	25.554688
2729.578722	25.851562
2736.585464	25.851562
2743.720102	25.984375
2750.872589	25.804688
2757.861490	25.632812
2765.013562	25.312500
2772.183255	24.984375
2779.370432	24.664062
2786.323743	24.500000
2793.510336	24.171875
2800.714195	24.007812
2807.650263	24.007812
2814.853460	23.539062
2822.073706	23.195312
2829.310870	22.726562
2836.212263	23.031250
2843.448610	22.992188
2850.701668	22.992188
2857.971308	22.992188
2864.838564	23.882812
2872.107240	24.601562
2879.392297	25.554688
2886.243233	26.281250
2893.527259	26.523438
2900.827468	27.171875
2908.143738	27.171875
2914.961406	27.171875
2922.276510	27.171875
2929.607482	27.867188
2936.409372	26.390625
2943.739119	26.390625
2951.084546	26.390625
2958.445538	29.359375
2965.215001	29.359375
2972.574642	29.359375
2979.949664	29.359375
2986.703869	29.359375
2994.077487	33.359375
3001.466308	33.359375
3008.870220	33.359375
3015.592811	33.992188
3022.995203	34.406250
3030.412513	34.406250
3037.844631	34.406250
3044.536089	34.406250
3051.966579	35.648438
3059.411708	35.648438
3066.088714	35.648438
3073.532170	35.648438
3080.990101	32.343750
3088.462401	32.343750
3095.109045	26.429688
3102.579572	26.429688
3110.064308	24.921875
3116.696970	24.921875
3124.179892	24.921875
3131.676867	24.921875
3139.187793	25.218750
3145.790839	25.218750
3153.299859	25.218750
3160.822678	25.218750
3168.359197	25.226562
3174.933070	24.906250
3182.467596	24.906250
3190.015674	24.906250
3196.576293	24.906250
3204.122345	25.781250
3211.681802	25.781250
3219.254572	26.226562
3225.786726	26.226562
3233.357388	26.226562
3240.941221	26.226562
3247.460546	27.507812
3255.042242	27.179688
3262.636970	27.179688
3270.244639	27.179688
3276.736181	27.179688
3284.341639	26.742188
3291.959903	26.742188
3298.439025	26.742188
3306.055051	26.742188
3313.683751	28.156250
3321.325037	28.156250
3327.777036	32.882812
3335.416016	32.882812
3343.067454	34.476562
3350.731263	34.476562
3357.156535	34.476562
3364.817974	34.476562
3372.491660	34.078125
3378.905148	34.078125
3386.576442	34.078125
3394.259860	34.078125
3401.955320	31.906250
3408.342706	32.171875
3416.035714	32.171875
3423.740644	32.171875
3430.116616	32.171875
3437.819076	31.609375
3445.533340	31.609375
3453.259330	31.609375
3459.609805	31.906250
3467.333269	29.226562
3475.068345	29.226562
3481.407761	29.226562
3489.140295	29.226562
3496.884328	29.101562
3504.639782	29.101562
3510.954286	29.101562
3518.707149	29.101562
3526.471324	28.351562
3534.246737	28.351562
3540.536682	27.320312
3548.309457	27.320312
3556.093362	26.257812
3562.372805	26.257812
3570.154058	25.875000
3577.946338	24.843750
3585.749573	24.195312
3592.005011	24.195312
3599.805550	23.539062
3607.616942	23.000000
3613.862200	23.000000
3621.670885	23.000000
3629.490322	23.000000
3637.320442	23.000000
3643.542232	23.171875
3651.369606	23.140625
3659.207564	23.140625
3667.056040	23.093750
3673.254688	23.421875
3681.100379	23.421875
3688.956492	23.421875
3695.145464	23.742188
3702.998785	23.742188
3710.862433	24.062500
3718.736345	24.382812
3724.902683	24.750000
3732.773768	25.132812
3740.655023	27.039062
3746.811978	27.093750
3754.690400	27.093750
3762.578903	27.093750
3770.477423	28.070312
3776.612239	29.226562
3784.507894	29.226562
3792.413480	29.226562
3798.539193	29.226562
3806.441908	30.523438
3814.354467	30.523438
3822.276808	30.523438
3828.380859	30.523438
3836.300301	31.828125
3844.229442	31.828125
3852.168221	31.828125
3858.250899	31.929688
3866.186752	33.500000
3874.132161	33.500000
3880.206180	33.500000
3888.148660	33.500000
3896.100615	34.062500
3904.061987	34.062500
3910.115088	34.062500
3918.073506	34.062500
3926.041263	34.828125
3932.085960	33.531250
3940.050761	33.531250
