0.000000	75.453125
10.000000	75.226562
14.142136	75.398438
22.360680	75.398438
28.284271	75.484375
36.055513	75.296875
42.426407	75.476562
50.000000	75.476562
56.568542	75.570312
64.031242	75.429688
72.111026	75.429688
78.102497	75.609375
86.023253	75.468750
92.195445	75.585938
100.000000	75.585938
106.301458	75.742188
114.017543	75.593750
120.415946	75.687500
128.062485	75.687500
136.014705	75.429688
142.126704	75.539062
150.000000	75.539062
156.204994	75.593750
164.012195	75.085938
170.293864	74.914062
178.044938	74.914062
184.390889	74.828125
192.093727	73.523438
200.000000	73.523438
206.155281	72.648438
214.009346	50.265625
220.227155	40.164062
228.035085	40.046875
234.307490	40.078125
242.074369	39.968750
248.394847	40.000000
256.124969	39.875000
264.007576	39.765625
270.185122	39.796875
278.028775	39.679688
284.253408	39.710938
292.061637	39.593750
298.328678	40.007812
306.104557	42.265625
312.409987	42.109375
320.156212	39.640625
328.024389	37.140625
334.215499	35.523438
342.052628	33.164062
348.281495	32.289062
356.089876	31.726562
362.353419	31.531250
370.135110	30.703125
378.021163	30.046875
384.187454	29.929688
392.045916	29.664062
398.246155	29.539062
406.078810	29.281250
412.310563	29.265625
420.119031	29.281250
426.380112	29.335938
434.165867	29.601562
442.040722	30.007812
448.218697	30.296875
456.070170	30.593750
462.276973	30.664062
470.106371	30.671875
476.340215	30.585938
484.148737	30.453125
490.407993	30.484375
498.196748	30.820312
506.063237	31.304688
512.249939	31.468750
520.096145	31.617188
526.307895	31.546875
534.134814	31.437500
540.370243	31.250000
548.178803	31.359375
554.436651	31.085938
562.227712	30.765625
570.087713	30.687500
576.281181	30.687500
584.123275	30.945312
590.338886	30.843750
598.163857	31.289062
604.400529	31.273438
612.209115	31.468750
618.465844	31.359375
626.258732	31.531250
634.113554	31.812500
640.312424	32.312500
648.151217	33.101562
654.369926	33.257812
662.193325	33.437500
668.430999	33.445312
676.239603	33.406250
682.495421	33.289062
690.289794	33.257812
698.140387	33.140625
704.343666	32.921875
712.179753	32.640625
718.401002	32.593750
726.223106	32.390625
732.461603	32.312500
740.270221	32.453125
746.525284	32.437500
754.320887	32.429688
762.167960	32.671875
768.374908	32.820312
776.208735	32.890625
782.432106	32.804688
790.253124	33.046875
796.492310	32.882812
804.300939	32.929688
810.555365	32.867188
818.352003	33.140625
826.196103	33.406250
832.406151	33.421875
840.238062	33.695312
846.463230	33.710938
854.283325	33.953125
860.523097	33.890625
868.331734	34.046875
874.585616	33.984375
882.383137	34.140625
890.224691	34.304688
896.437393	34.234375
904.267659	34.398438
910.494371	34.328125
918.313672	34.210938
924.553947	34.179688
932.362590	34.054688
938.616002	34.085938
946.414286	34.031250
954.253635	34.062500
960.468636	34.023438
968.297475	34.140625
974.525526	34.023438
982.344135	34.234375
988.584847	34.148438
996.393497	34.375000
1002.646498	34.343750
1010.445446	34.507812
1018.282868	34.625000
1024.499878	34.656250
1032.327467	34.703125
1038.556691	34.734375
1046.374694	34.843750
1052.615789	34.859375
1060.424443	35.015625
1066.677083	35.031250
1074.476617	35.164062
1082.312339	35.296875
1088.531120	35.312500
1096.357606	35.437500
1102.587865	35.453125
1110.405331	35.562500
1116.646766	35.539062
1124.455424	35.593750
1130.707743	35.578125
1138.507795	35.695312
1146.342008	35.710938
1152.562363	35.671875
1160.387866	35.742188
1166.619047	35.781250
1174.436035	35.656250
1180.677771	35.593750
1188.486432	35.554688
1194.738465	35.515625
1202.538981	35.453125
1210.371844	35.359375
1216.593605	35.281250
1224.418229	35.187500
1230.650235	35.117188
1238.466794	35.062500
1244.708801	35.039062
1252.517465	35.101562
1258.769240	35.140625
1266.570172	35.343750
1274.401820	35.210938
1280.624847	34.968750
1288.448680	35.093750
1294.681428	35.828125
1302.497601	38.195312
1308.739852	39.789062
1316.548518	41.937500
1322.800060	43.140625
1330.601368	44.148438
1338.431918	44.320312
1344.656090	44.320312
1352.479205	44.328125
1358.712626	44.328125
1366.528448	44.328125
1372.770920	44.281250
1380.579588	43.984375
1386.830920	43.968750
1394.632568	43.843750
1402.462121	43.710938
1408.687332	43.765625
1416.509795	49.140625
1422.743828	56.210938
1430.559331	56.210938
1436.802004	56.984375
1444.610674	58.796875
1452.446212	58.796875
1458.663772	59.382812
1466.492414	59.382812
1472.718575	59.382812
1480.540442	58.406250
1486.775033	58.406250
1494.590245	58.406250
1500.833102	54.218750
1508.641773	54.218750
1516.476179	52.867188
1522.694979	52.867188
1530.522787	52.867188
1536.749817	52.867188
1544.571138	52.867188
1550.806242	55.843750
1558.621186	59.257812
1564.864211	59.257812
1572.672884	59.257812
1580.506248	59.257812
1586.726189	59.257812
1594.553229	59.820312
1600.781059	60.390625
1608.601877	60.390625
1614.837453	60.390625
1622.652150	60.390625
1628.895331	60.390625
1636.704005	62.273438
1644.536409	62.273438
1650.757402	61.132812
1658.583733	61.132812
1664.812302	61.132812
1672.632655	60.960938
1678.868667	60.960938
1686.683136	60.960938
1692.926460	60.250000
1700.735135	60.250000
1708.566651	59.007812
1714.788617	59.007812
1722.614292	59.007812
1728.843544	59.007812
1736.663468	59.101562
1742.899882	59.296875
1750.714140	59.296875
1756.957598	59.296875
1764.766273	59.296875
1772.596965	59.609375
1778.819833	59.609375
1786.644900	59.609375
1792.874786	59.617188
1800.694311	59.617188
1806.931100	59.617188
1808.535319	59.671875
1814.745161	59.671875
1816.397534	59.671875
1824.280680	59.671875
1832.184489	59.812500
1840.108692	59.812500
1842.009772	59.773438
1848.053030	59.812500
1850.000000	55.312500
1858.009688	55.312500
1866.038585	55.312500
1874.086444	53.320312
1876.272901	53.320312
1882.153022	53.320312
1884.383188	53.320312
1892.511559	51.609375
1900.657781	51.609375
1908.821626	51.609375
1917.002869	53.250000
1919.505145	53.250000
1925.201288	53.250000
1927.744796	53.250000
1936.001033	51.859375
1944.273643	51.859375
1952.562419	51.859375
1955.326060	51.562500
1960.867155	51.531250
1963.670033	51.562500
1972.029412	51.562500
1980.403999	51.343750
1988.793604	51.343750
1997.198037	51.343750
2000.249984	50.718750
2005.617112	50.718750
2008.706051	50.718750
2017.176244	50.718750
2025.660386	51.351562
2034.158303	51.351562
2037.449386	51.351562
2042.669822	51.351562
2045.996090	51.171875
2054.555913	51.171875
2063.128692	51.171875
2071.714266	51.851562
2080.312477	51.851562
2083.866598	52.226562
2088.923168	51.851562
2092.510454	52.109375
2101.166343	52.109375
2109.834117	52.109375
2118.513630	52.062500
2122.286503	52.062500
2127.204739	52.062500
2131.009151	52.062500
2139.742975	51.429688
2148.487840	51.429688
2157.243612	51.429688
2161.226504	52.171875
2166.010157	52.171875
2170.023041	52.171875
2178.829961	52.171875
2187.647138	51.710938
2196.474448	51.710938
2205.311769	51.710938
2209.524836	51.007812
2214.158983	50.421875
2218.400325	51.007812
2227.285343	51.007812
2236.179778	51.210938
2245.083517	51.210938
2249.488831	51.210938
2253.996451	51.210938
2258.428657	50.906250
2267.377340	50.906250
2276.334773	50.906250
2285.300855	51.429688
2294.275485	51.429688
2298.891037	51.429688
2303.258561	51.429688
2307.899478	51.343750
2316.916054	51.343750
2325.940670	51.343750
2334.973233	51.062500
2339.764945	51.039062
2344.013652	51.062500
2348.829496	51.039062
2357.901609	51.156250
2366.981200	51.156250
2376.068181	51.156250
2385.162468	51.789062
2390.146439	51.789062
2394.263979	51.789062
2399.270723	51.789062
2408.401960	51.546875
2417.540072	51.546875
2426.684982	51.593750
2431.830586	51.593750
2435.836612	51.593750
2441.003892	51.593750
2450.183667	52.453125
2459.369838	52.453125
2468.562335	52.453125
2477.761086	51.648438
2483.082761	51.296875
2486.966023	51.648438
2492.308167	51.296875
2501.539526	51.601562
2510.776772	51.601562
2520.019841	51.601562
2525.490051	51.148438
2529.268669	51.148438
2534.758371	51.148438
2544.032233	51.148438
2553.311575	50.867188
2562.596340	50.867188
2568.209493	50.867188
2571.886467	50.867188
2577.518186	50.593750
2586.832039	50.593750
2596.150997	50.593750
2605.475005	51.546875
2614.804008	51.546875
2620.572457	51.023438
2624.137954	51.546875
2629.923953	51.640625
2639.280205	51.640625
2648.641161	51.640625
2658.006772	52.531250
2663.906905	52.531250
2667.376989	52.531250
2673.293848	52.531250
2682.685222	52.812500
2692.080979	52.812500
2701.481075	52.812500
2710.885464	53.140625
2716.928413	53.140625
2720.294102	53.140625
2726.352875	53.140625
2735.781424	52.593750
2745.214017	52.593750
2754.650613	52.593750
2760.815097	51.718750
2764.091171	52.562500
2770.270745	51.718750
2779.730203	51.718750
2789.193432	51.632812
2798.660394	51.632812
2808.131051	51.632812
2814.427118	51.601562
2817.605366	51.601562
2823.915721	51.601562
2833.407842	51.601562
2842.903445	51.609375
2852.402496	51.609375
2858.810942	51.609375
2861.904960	51.609375
2868.327039	52.093750
2877.846417	52.093750
2887.369045	52.093750
2896.894889	52.851562
2903.411786	53.843750
2906.423920	52.851562
2912.953827	53.843750
2922.498931	54.609375
2932.047066	54.609375
2941.598205	54.609375
2951.152317	54.273438
2957.786334	54.273438
2960.709374	54.273438
2967.355725	54.273438
2976.927947	52.992188
2986.502972	52.992188
2996.080773	52.992188
3002.815346	51.867188
3005.661325	51.867188
3012.407675	51.867188
3022.002647	51.867188
3031.600237	53.859375
3041.200421	53.859375
3050.803173	53.859375
3057.646153	52.367188
3060.408469	52.296875
3067.262623	52.367188
3076.881538	52.367188
3086.502875	51.750000
3096.126612	51.750000
3103.063003	51.750000
3105.752727	51.750000
3112.699793	51.078125
3122.338867	51.078125
3131.980204	51.078125
3141.623784	51.421875
3151.269585	51.421875
3158.306508	51.421875
3160.917588	51.421875
3167.964646	52.289062
3177.624899	52.289062
3187.287248	52.289062
3196.951673	52.273438
3204.075530	51.570312
3206.618156	52.273438
3213.751702	52.000000
3223.429850	52.000000
3233.109958	52.000000
3242.792007	51.679688
3250.000000	51.679688
3252.475980	51.679688
3259.693237	51.679688
3269.388322	51.531250
3279.085238	51.531250
3286.365774	51.531250
3288.783970	51.531250
3293.690939	53.132812
3296.073422	52.609375
3301.060436	53.132812
3303.407332	53.132812
3308.473968	53.132812
3310.785405	53.132812
3315.931242	52.250000
3318.207347	52.421875
3325.672864	52.250000
3333.181663	52.250000
3335.416016	52.250000
3340.733452	51.562500
3342.932844	51.562500
3348.327941	52.179688
3350.492501	51.562500
3355.964839	52.179688
3358.094698	52.179688
3363.643857	52.117188
3365.739146	52.117188
3371.364709	52.140625
3373.425559	52.117188
3379.127106	52.140625
3381.153649	52.140625
3388.923133	52.023438
3396.733725	52.023438
3398.720347	52.023438
3404.585144	51.531250
3406.537832	52.023438
3412.477106	51.546875
3414.395993	51.546875
3420.409332	51.546875
3422.294552	51.546875
3428.381542	51.437500
3430.233228	51.546875
3436.393458	52.359375
3438.211744	52.359375
3444.444803	52.359375
3446.229824	52.359375
3454.287191	52.359375
3462.383572	53.156250
3464.130483	53.070312
3470.518693	53.156250
3472.232711	53.156250
3478.692283	53.156250
3480.373543	53.156250
3486.904071	52.757812
3488.552709	52.429688
3495.153788	52.757812
3496.769938	52.757812
3503.441165	52.757812
3505.024964	52.757812
3511.765938	52.546875
3513.317521	52.609375
3521.647342	52.546875
3530.014164	52.546875
3531.529414	52.546875
3538.417725	52.210938
3539.901129	52.210938
3546.857764	52.226562
3548.309457	52.210938
3555.334021	52.226562
3556.754138	52.226562
3563.846237	52.500000
3565.234915	52.500000
3572.394155	52.218750
3573.751530	52.500000
3580.977520	52.218750
3582.303728	52.218750
3590.891254	52.648438
3599.513856	52.648438
3600.805465	52.648438
3608.171282	52.453125
3609.432088	52.648438
3616.863282	52.343750
3618.093421	52.343750
3625.589607	52.343750
3626.789214	52.343750
3634.350011	51.960938
3635.519220	52.343750
3643.144246	52.210938
3644.283194	52.210938
3651.972070	52.210938
3653.080892	52.210938
3660.833238	51.523438
3661.912069	52.210938
3670.776485	51.156250
3679.673899	51.156250
3680.720038	51.156250
3688.604072	51.203125
3689.620577	51.156250
3697.566767	51.203125
3698.553771	51.203125
3706.561749	51.203125
3707.519386	51.203125
3715.588782	51.601562
3716.517187	51.203125
3724.647634	51.687500
3725.546940	51.687500
3733.738073	51.687500
3734.608413	51.687500
3743.701377	51.687500
3752.825602	52.062500
3753.664876	51.398438
3761.980861	52.062500
3762.791517	52.062500
3771.166928	52.062500
3771.949098	52.062500
3780.383578	52.351562
3781.137395	52.203125
3789.630589	52.351562
3790.356184	52.351562
3798.907738	52.351562
3799.605243	52.351562
3808.214805	52.148438
3808.884351	51.882812
3818.193290	52.148438
3827.531842	52.148438
3828.171887	52.148438
3836.899790	51.703125
3837.512215	51.703125
3846.296920	51.312500
3846.881854	51.703125
3855.723019	51.312500
3856.280591	51.312500
3865.177874	51.632812
3865.708215	51.632812
3874.661276	51.648438
3875.164513	51.632812
3884.173014	51.648438
3884.649276	51.648438
3894.162298	51.617188
3903.703370	51.562500
3904.151636	51.617188
3913.272288	50.882812
3913.693907	51.203125
3922.868848	50.773438
3923.263947	50.882812
3932.492848	50.367188
3932.861554	50.546875
3942.144087	50.312500
3942.486525	50.367188
3951.822364	50.132812
3952.138662	50.203125
3961.527483	50.125000
3961.817765	50.132812
3971.523637	50.125000
3981.256083	50.132812
3981.519810	50.125000
3991.014909	50.218750
3991.252936	50.203125
4000.799920	50.257812
4001.012372	50.218750
4010.610926	50.398438
4010.797926	50.375000
4020.447736	50.453125
4020.609407	50.398438
4030.310162	50.601562
4030.446625	50.578125
4040.198015	50.648438
4040.309394	50.601562
4050.197526	50.765625
4060.110836	50.781250
4060.197040	50.765625
4070.049140	50.859375
4070.110564	50.859375
4080.012255	50.843750
4080.049019	50.859375
4090.000000	50.781250
4090.012225	50.835938
4100.000000	50.781250
4100.012195	50.734375
4110.012165	50.625000
4110.048662	50.523438
4120.048543	50.523438
4120.109222	50.468750
4130.108957	50.335938
4140.108694	50.335938
4140.193232	50.234375
4150.192767	50.140625
4150.301194	50.117188
4160.300470	50.117188
4160.432670	50.070312
4170.431632	50.039062
4170.587489	50.031250
4180.586083	50.031250
4180.765480	50.023438
4190.763654	50.015625
4190.966476	50.015625
4200.964175	50.015625
4201.190308	50.015625
4211.187481	50.015625
4221.184668	50.015625
4221.433406	50.015625
4231.430018	50.015625
4231.701785	50.015625
4241.697773	50.015625
4241.992456	50.015625
4251.987770	50.015625
4252.305257	50.015625
4262.299849	50.015625
4262.640027	50.015625
4272.633848	50.015625
4272.996607	50.015625
4282.989610	50.015625
4283.374838	50.015625
4293.366977	50.015625
4303.359153	50.015625
4303.765793	50.015625
4313.757063	50.015625
4314.185902	50.015625
4324.176222	50.015625
4324.627152	50.015625
4334.616477	50.015625
4335.089388	50.015625
4345.077675	50.015625
4345.572459	50.015625
4355.559666	50.015625
4356.076216	50.015625
4366.062299	50.015625
4366.600508	50.015625
4376.585427	50.015625
4386.570414	50.015625
4387.128902	50.015625
4397.112689	50.015625
4397.692577	50.015625
4407.675124	50.015625
4408.276307	50.015625
4418.257575	50.015625
4418.879949	50.015625
4428.859898	50.015625
4429.503358	50.015625
4439.481952	50.015625
4440.146394	50.015625
4450.123594	50.015625
4450.808915	50.015625
4460.784684	50.015625
4461.490782	50.015625
4471.465084	50.015625
4481.439501	50.015625
4482.164656	50.015625
4492.137576	50.015625
4492.883261	50.015625
4502.854650	50.015625
4503.620766	50.015625
4513.590588	50.015625
4514.377033	50.015625
4524.345256	50.015625
4525.151931	50.015625
4535.118521	50.015625
4535.945326	50.015625
4545.910250	50.015625
4546.757086	50.015625
4556.720312	50.015625
4566.683698	50.015625
4567.548577	50.015625
4577.510240	50.015625
4578.394915	50.015625
4588.354825	50.015625
4589.259199	50.015625
4599.217325	50.015625
4600.141302	50.015625
4610.097613	50.015625
4611.041097	50.015625
4620.995564	50.015625
4621.958459	50.015625
4631.911053	50.015625
4632.893264	50.015625
4642.843956	50.015625
4652.794859	50.015625
4653.794151	50.015625
4663.743132	50.015625
4664.761516	50.015625
4674.708547	50.015625
4675.745930	50.015625
4685.690984	50.015625
4686.747273	50.015625
4696.690324	50.015625
4697.765426	50.015625
4707.706448	50.015625
4708.800272	50.015625
4718.739238	50.015625
4719.851693	50.015625
4729.788579	50.015625
4739.725730	50.031250
4740.854353	50.039062
4750.789408	50.039062
4751.936447	50.054688
4761.869381	50.062500
4763.034747	50.101562
4772.965535	50.101562
4774.149139	50.140625
4784.077759	50.164062
4785.279511	50.242188
4795.205939	50.242188
4796.425753	50.296875
4806.349966	50.320312
4807.587753	50.437500
4817.509730	50.437500
4827.432030	50.468750
4828.685121	50.531250
4838.605171	50.531250
4839.876031	50.656250
4849.793810	50.703125
4851.082353	50.750000
4860.997840	50.750000
4862.303981	50.851562
4872.217154	50.898438
4873.540807	50.921875
4883.451648	50.921875
4884.792728	50.968750
4894.701217	50.992188
4896.059640	51.000000
4905.965756	51.000000
4915.872252	51.000000
4917.245164	51.000000
4927.149277	51.000000
4928.539337	51.000000
4938.441050	51.000000
4939.848176	51.000000
4949.747468	51.000000
4951.171579	51.000000
4961.068433	51.000000
4962.509446	51.000000
4972.403845	51.000000
4973.861679	50.992188
4983.753605	50.976562
4985.228179	50.937500
4995.117616	50.937500
5005.007493	50.929688
5006.495780	50.890625
5016.383159	50.890625
5017.888002	50.820312
5027.772867	50.828125
5029.294185	50.773438
5039.176520	50.773438
5040.714235	50.671875
5050.594024	50.726562
5052.148058	50.671875
5062.025286	50.671875
5063.595560	50.570312
5073.470213	50.718750
5075.056650	50.703125
5084.928711	50.703125
5094.801272	50.953125
5096.400691	50.937500
5106.270655	50.937500
5107.886060	50.968750
5117.753413	51.000000
5119.384729	51.000000
5129.249458	51.000000
5130.896608	51.000000
5140.758699	51.000000
5142.421609	51.000000
5152.281048	51.000000
5153.959643	51.000000
5163.816418	51.000000
5165.510623	52.390625
5175.364721	51.132812
5185.219378	51.132812
5186.925872	51.132812
5196.777848	51.132812
5198.499784	51.132812
5208.349067	52.023438
5210.086372	51.796875
5219.932950	51.796875
5221.685552	51.796875
5231.529413	51.796875
5233.297240	51.796875
5243.138373	51.859375
5244.921353	53.171875
5254.759747	53.171875
5256.557809	53.171875
5266.393453	53.171875
5276.229714	53.156250
5278.039409	53.156250
5287.872918	53.156250
5289.697534	53.468750
5299.528281	53.468750
5301.367748	53.468750
5311.195722	52.640625
5313.049972	52.640625
5322.875163	52.640625
5324.744125	52.492188
5334.566524	52.492188
5336.450131	52.492188
5346.269728	52.398438
5348.167911	52.398438
5357.984696	52.398438
5359.897387	51.937500
5369.711352	51.937500
5379.526001	52.851562
5381.449619	52.851562
5391.261448	52.851562
5393.199421	52.851562
5403.008421	52.851562
5404.960684	52.109375
5414.766846	53.289062
5416.733333	53.289062
5426.536649	53.289062
5428.517293	53.289062
5438.317755	53.289062
5440.312491	52.890625
5450.110091	51.921875
5452.118854	51.921875
5461.913584	51.921875
5471.709057	51.921875
5473.728163	51.921875
5483.520767	51.343750
5485.553755	51.289062
5495.343483	51.289062
5497.390290	51.289062
5507.177135	51.289062
5509.237697	51.289062
5519.021652	51.492188
5521.095906	52.296875
5530.876965	52.296875
5532.964847	52.296875
5542.743003	52.296875
5544.844452	52.296875
5554.619699	51.820312
5564.395744	51.820312
5566.506984	52.453125
5576.280122	52.453125
5578.404790	52.453125
5588.175015	51.656250
5590.313050	51.656250
5600.080357	51.656250
5602.231698	52.140625
5611.996080	52.140625
5614.160667	52.140625
5623.922119	51.828125
5626.099892	51.828125
5635.858408	51.828125
5638.049308	52.593750
5647.804883	52.593750
5657.561312	52.882812
5659.761479	52.882812
5669.514970	52.882812
5671.728132	52.882812
5681.478681	52.882812
5683.704778	51.992188
5693.452380	52.429688
5695.691354	52.429688
5705.436004	52.429688
5707.687798	52.429688
5717.429492	52.429688
5719.694048	51.703125
5729.432782	52.218750
5731.710042	52.218750
5741.445811	52.218750
5751.182487	52.218750
5753.468519	52.218750
5763.202235	53.046875
5765.500846	52.492188
5775.231597	52.492188
5777.542730	52.492188
5787.270514	52.492188
5789.594114	52.492188
5799.318926	51.906250
5801.654936	52.171875
5811.376773	52.171875
5813.725140	52.171875
5823.443998	52.171875
5825.804665	52.171875
5835.520542	53.617188
5845.237378	53.617188
5847.606348	54.257812
5857.320206	54.281250
5859.701358	54.132812
5869.412236	54.132812
5871.805514	54.078125
5881.513411	54.085938
5883.918762	53.953125
5893.623673	53.953125
5896.041045	53.898438
5905.742968	53.929688
5908.172306	53.796875
5917.871239	53.796875
5920.312492	53.726562
5930.008432	53.851562
5939.705380	53.062500
5942.154491	53.062500
5951.848452	53.062500
5954.309364	53.062500
5964.000335	53.062500
5966.472995	52.820312
5976.160975	52.656250
5978.645332	52.656250
5988.330318	52.656250
5990.826320	52.656250
6000.508312	52.656250
6003.015909	53.226562
6012.694903	52.007812
6015.214044	52.007812
6024.890040	52.007812
6034.567093	52.007812
6037.093672	52.007812
6046.767732	52.632812
6049.305745	52.460938
6058.976811	52.460938
6061.526210	52.460938
6071.194281	52.460938
6073.755016	52.460938
6083.420091	52.718750
6085.992113	52.000000
6095.654190	52.000000
6098.237450	52.000000
6107.896528	52.000000
6110.490979	52.000000
6120.147057	51.382812
6129.804238	51.382812
6132.405727	52.742188
6142.059915	52.742188
6144.672489	52.742188
6154.323683	52.562500
6156.947296	52.562500
6166.595495	52.562500
6169.230098	51.687500
6178.875302	51.687500
6181.520848	51.687500
6191.163057	52.210938
6193.819500	52.210938
6203.458713	52.210938
6206.126006	51.703125
6215.762222	51.703125
6225.399586	51.859375
6228.073538	51.859375
6237.707912	51.859375
6240.392616	51.859375
6250.024000	51.859375
6252.719408	52.468750
6262.347803	52.078125
6265.053870	52.078125
6274.679275	52.078125
6277.395957	52.078125
6287.018371	52.273438
6289.745623	51.382812
6299.365047	51.382812
6302.102824	51.382812
6311.719259	51.382812
6314.467515	51.382812
6324.080961	52.601562
6333.695604	52.601562
6336.450110	52.648438
6346.061771	52.648438
6348.826663	52.648438
6358.435342	51.250000
6361.210577	51.250000
6370.816274	51.250000
6373.601807	51.296875
6383.204524	51.296875
6386.000313	51.296875
6395.600050	51.171875
6398.406052	51.171875
6408.002809	51.171875
6410.818980	51.429688
6420.412759	51.429688
6430.007776	51.437500
6432.829859	51.437500
6442.421905	51.437500
6445.254068	51.437500
6454.843143	51.437500
6457.685344	54.203125
6467.271449	54.203125
6470.123646	54.187500
6479.706783	54.304688
6482.568935	54.265625
6492.149105	54.265625
6495.021170	53.578125
6504.598373	54.250000
6507.480311	54.250000
6517.054549	54.250000
6526.630065	54.250000
6529.517593	54.250000
6539.090151	54.343750
6541.987466	53.351562
6551.557067	53.351562
6554.464128	53.351562
6564.030774	53.351562
6566.947541	53.351562
6576.511233	53.476562
6579.437666	52.429688
6588.998406	52.429688
6591.934466	52.429688
6601.492256	52.429688
6604.437902	52.429688
6613.992743	52.398438
6623.548898	52.398438
6626.499830	52.398438
6636.053044	52.398438
6639.013481	52.398438
6648.563755	51.710938
6651.533658	51.656250
6661.080993	51.656250
6664.060324	51.656250
6673.604723	51.656250
6676.593443	51.656250
6686.134907	52.468750
6689.132978	52.281250
6698.671510	52.281250
6701.678894	52.281250
6711.214495	52.281250
6720.751446	52.531250
6723.763827	52.531250
6733.297855	52.531250
6736.319470	52.132812
6745.850576	52.132812
6748.881389	52.132812
6758.409576	52.718750
6761.449549	52.718750
6770.974819	52.718750
6774.023915	52.070312
6783.546270	52.070312
6786.604453	52.070312
6796.123895	52.546875
6799.191128	52.546875
6808.707660	52.546875
6818.225576	52.546875
6821.297531	51.953125
6830.812543	52.039062
6833.893473	52.039062
6843.405585	52.039062
6846.495454	52.039062
6856.004667	52.039062
6859.103440	52.687500
6868.609757	52.492188
6871.717398	52.492188
6881.220822	52.492188
6884.337296	52.492188
6893.837828	52.492188
6896.963100	52.726562
6906.460743	52.328125
6915.959803	52.328125
6919.089535	52.328125
6928.585714	52.328125
6931.724172	52.328125
6941.217472	53.703125
6944.364622	53.703125
6953.855046	53.703125
6957.010852	53.703125
6966.498403	53.531250
6969.662833	53.539062
6979.147512	53.539062
6982.320531	53.546875
6991.802343	53.406250
6994.983917	53.429688
7004.462863	53.429688
7013.943256	52.820312
7017.129043	52.820312
7026.606578	52.820312
7029.800851	51.492188
7039.275531	51.492188
7042.478257	51.492188
7051.950085	51.492188
7055.161231	51.492188
7064.630210	51.492188
7067.849744	51.523438
7077.315875	51.523438
7080.543764	51.523438
7090.007052	51.546875
7093.243264	51.546875
7102.703711	51.546875
7112.165634	51.546875
7115.405821	51.820312
7124.864911	51.742188
7128.113355	51.742188
7137.569614	51.742188
7140.826283	51.742188
7150.279715	51.742188
7153.544576	51.890625
7162.995184	52.953125
7166.268206	52.953125
7175.715992	52.953125
7178.997144	52.953125
7188.442112	52.953125
7191.731363	52.046875
7201.173515	51.679688
7210.617172	51.679688
7213.910174	51.679688
7223.351023	51.679688
7226.652060	51.679688
7236.090104	51.343750
7239.399146	51.710938
7248.834389	51.710938
7252.151405	51.710938
7261.583849	51.710938
7264.908809	51.710938
7274.338458	51.617188
7277.671331	51.937500
7287.098188	51.937500
7290.438944	51.937500
7299.863012	51.937500
7303.211622	51.937500
7312.632905	51.656250
7322.055722	51.656250
7325.407838	52.343750
7334.827878	52.343750
7338.187787	52.343750
7347.605052	51.796875
7350.972725	51.796875
7360.387218	51.796875
7363.762625	51.757812
7373.174350	51.757812
7376.557463	51.757812
7385.966423	51.156250
7389.357212	51.156250
7398.763410	51.156250
7402.161846	51.226562
7411.565287	51.226562
7420.970287	51.156250
7424.372027	51.156250
7433.774277	51.156250
7437.183607	51.156250
7446.583109	51.156250
7450.000000	51.312500
7459.396758	51.421875
7462.821182	51.421875
7472.215200	51.421875
7475.647129	51.421875
7485.038410	51.718750
7488.477816	51.453125
7497.866363	51.453125
7501.313218	51.453125
7510.699035	51.453125
7520.086436	51.343750
7523.536403	51.343750
7532.921080	51.343750
7536.378441	51.312500
7545.760399	51.312500
7549.225126	51.312500
7558.604369	51.296875
7562.076434	51.296875
7571.452965	51.296875
7574.932343	51.359375
7584.306165	51.359375
7587.792828	51.359375
7597.163945	51.226562
7600.657866	51.226562
7610.026281	51.226562
7619.396302	51.226562
7622.893152	51.218750
7632.260478	53.148438
7635.764533	53.148438
7645.129168	53.148438
7648.640402	53.148438
7658.002350	53.148438
7661.520737	51.757812
7670.880002	52.390625
7674.405514	52.390625
7683.762099	52.390625
7687.294713	52.390625
7696.648621	52.390625
7700.188309	51.796875
7709.539545	52.257812
7718.892408	52.257812
7722.434849	52.257812
7731.785046	52.257812
7735.334511	52.257812
7744.682046	51.703125
7748.238509	52.226562
7757.583387	52.226562
7761.146822	52.226562
7770.489045	52.226562
7774.059429	52.226562
7783.399000	51.320312
7786.976307	51.750000
7796.313231	51.750000
7799.897435	51.750000
7809.231716	51.750000
7818.567644	51.257812
7822.154435	51.257812
7831.487726	51.257812
7835.081365	51.437500
7844.412024	51.437500
7848.012487	51.437500
7857.340517	51.289062
7860.947780	51.289062
7870.273185	51.289062
7873.887223	51.500000
7883.210006	51.500000
7886.830796	51.500000
7896.150961	51.703125
7899.778478	51.703125
7909.096029	51.703125
7918.415245	51.703125
7922.045190	51.820312
7931.361800	51.531250
7934.998425	51.531250
7944.312431	51.531250
7947.955712	51.531250
7957.267119	51.531250
7960.917033	52.117188
7970.225844	51.718750
7973.882367	51.718750
7983.188586	51.718750
7986.851695	51.718750
7996.155326	51.718750
7999.824998	52.226562
8009.126045	52.187500
8018.428774	52.187500
8022.100722	52.187500
8031.400874	52.187500
8035.079340	52.187500
8044.376918	52.171875
8048.061878	51.750000
8057.356887	51.750000
8061.048319	51.750000
8070.340761	51.750000
8074.038642	51.750000
8083.328522	51.328125
8087.032830	51.539062
8096.320152	51.539062
8100.030864	51.539062
8109.315631	51.539062
8118.602096	51.898438
8122.314941	51.898438
8131.598859	51.898438
8135.318064	51.968750
8144.599438	51.968750
8148.324981	51.968750
8157.603815	51.523438
8161.335675	51.523438
8170.611972	51.523438
8174.350127	52.742188
8183.623892	52.742188
8187.368320	52.742188
8196.639555	52.320312
8200.390235	52.320312
8209.658945	52.320312
8218.929371	52.320312
8222.682044	53.109375
8231.949951	52.648438
8235.708834	52.648438
8244.974227	52.648438
8248.739298	52.171875
8258.002180	52.171875
8261.773417	52.171875
8271.033793	52.046875
8274.811176	52.046875
8284.069048	52.046875
8287.852557	52.257812
8297.107930	52.257812
8300.897542	52.257812
8310.150420	52.859375
8313.946115	52.859375
8323.196501	52.859375
8332.448620	52.859375
8336.246158	52.781250
8345.495791	52.851562
8349.299372	52.851562
8358.546524	52.851562
8362.356127	52.851562
8371.600803	52.851562
8375.416408	51.687500
8384.658610	51.796875
8388.480196	51.796875
8397.719929	51.796875
8401.547477	51.796875
8410.784743	51.796875
8414.618233	51.750000
8423.853038	51.609375
8433.089588	51.609375
8436.924795	51.609375
8446.158890	51.609375
8450.000000	51.609375
8459.231644	51.968750
8463.078636	52.750000
8472.307832	52.750000
8476.160687	52.750000
8485.387440	52.750000
8489.246138	52.750000
8498.470451	54.031250
8502.334973	54.304688
8511.556849	54.132812
8515.427177	54.125000
8524.646620	54.125000
8533.867822	52.679688
8537.739748	52.679688
8546.958523	52.679688
8550.836216	51.906250
8560.052570	51.906250
8563.936011	51.906250
8573.149946	51.648438
8577.039116	51.648438
8586.250637	51.648438
8590.145517	51.828125
8599.354627	51.828125
8603.255198	51.828125
8612.461901	51.828125
8616.368144	51.828125
8625.572445	51.828125
8634.778515	51.828125
8638.686243	51.242188
8647.889916	51.093750
8651.803280	51.093750
8661.004561	51.093750
8664.923543	51.093750
8674.122434	51.093750
8678.047015	51.437500
8687.243521	52.078125
8691.173684	52.078125
8700.367808	52.078125
8704.303533	52.078125
8713.495280	52.250000
8717.436550	52.828125
8726.625923	52.828125
8735.817077	52.828125
8739.759722	52.828125
8748.948508	52.781250
8752.896663	52.781250
8762.083086	52.781250
8766.036733	52.703125
8775.220795	52.703125
8779.179916	52.703125
8788.361622	52.851562
8792.326200	52.851562
8801.505553	52.851562
8805.475569	52.046875
8814.652574	52.046875
8818.628011	52.046875
8827.802671	52.421875
8836.979122	52.421875
8840.955831	52.421875
8850.129943	52.421875
8854.112039	52.523438
8863.283816	53.078125
8867.271283	53.078125
8876.440728	53.078125
8880.433548	53.078125
8889.600666	53.078125
8893.598822	53.843750
8902.763616	54.367188
8906.767090	54.367188
8915.929565	54.367188
8919.938341	54.367188
8929.098499	54.367188
8938.260457	54.312500
8942.270405	53.703125
8951.430053	53.703125
8955.445271	53.703125
8964.602612	53.703125
8968.623083	53.703125
8977.778122	53.718750
8981.803828	52.781250
8990.956568	52.781250
8994.987493	52.781250
9004.137938	52.781250
9008.174066	52.781250
9017.322219	53.570312
9021.363533	53.210938
9030.509399	53.210938
9039.657073	53.210938
9043.699464	53.210938
9052.844857	52.328125
9056.892403	52.328125
9066.035517	52.328125
9070.088202	52.750000
9079.229042	52.750000
9083.286850	52.750000
9092.425419	52.593750
9096.488333	52.593750
9105.624635	52.593750
9109.692640	52.093750
9118.826679	52.093750
9122.899758	52.093750
9132.031537	51.890625
9141.165134	51.890625
9145.239199	51.890625
9154.370541	51.890625
9158.449650	51.523438
9167.578743	52.093750
9171.662881	52.093750
9180.789726	52.093750
9184.878878	52.093750
9194.003481	52.093750
9198.097629	51.757812
9207.219993	51.703125
9211.319124	51.703125
9220.439252	51.703125
9224.543349	51.703125
9233.661246	51.703125
9242.780967	51.796875
9246.885962	52.703125
9256.003457	52.703125
9260.113390	52.703125
9269.228663	52.703125
9273.343518	52.703125
9282.456571	51.929688
9286.576334	53.398438
9295.687172	53.398438
9299.811826	53.398438
9308.920453	53.398438
9313.049984	53.398438
9322.156403	53.421875
9326.290795	54.312500
9335.395010	54.312500
9339.534250	54.312500
9348.636264	54.312500
9357.740112	54.132812
9361.880153	54.132812
9370.981806	54.132812
9375.126666	53.179688
9384.226127	53.179688
9388.375791	53.179688
9397.473065	52.632812
9401.627519	52.632812
9410.722608	52.632812
9414.881837	53.570312
9423.974745	53.570312
9428.138735	53.570312
9437.229466	56.031250
9441.398202	56.031250
9450.486760	56.031250
9459.577158	56.031250
9463.746615	56.757812
9472.834845	56.890625
9477.009022	56.890625
9486.095087	56.890625
9490.273969	56.890625
9499.357873	56.890625
9503.541445	54.898438
9512.623192	55.593750
9516.811441	55.593750
9525.891034	55.593750
9530.083945	55.593750
9539.161389	55.593750
9543.358947	52.132812
9552.434245	54.289062
9561.511387	54.289062
9565.709592	54.289062
9574.784593	54.289062
9578.987420	54.289062
9588.060283	53.601562
9592.267719	53.328125
9601.338448	53.328125
9605.550479	53.328125
9614.619077	53.328125
9618.835688	53.328125
9627.902160	54.453125
9632.123338	53.671875
9641.187686	53.671875
9645.413418	53.671875
9654.475646	53.671875
9663.539724	54.648438
9667.766029	54.648438
9676.827993	54.648438
9681.058826	54.093750
9690.118678	54.093750
9694.354027	54.093750
9703.411771	52.890625
9707.651621	52.890625
9716.707261	52.890625
9720.951600	52.210938
9730.005139	52.210938
9734.253952	52.210938
9743.305394	52.757812
9747.558669	52.757812
9756.608017	52.757812
9765.659220	52.757812
9769.912999	52.843750
9778.962113	52.421875
9783.220329	52.421875
9792.267357	52.421875
9796.529998	52.421875
9805.574945	52.421875
9809.841997	54.132812
9818.884865	52.562500
9823.156316	52.562500
9832.197109	52.562500
9836.472945	52.562500
9845.511668	52.562500
9849.791876	53.992188
9858.828531	52.406250
9867.867044	52.406250
9872.147689	52.406250
9881.184140	52.406250
9885.469134	52.406250
9894.503525	52.687500
9898.792856	51.960938
9907.825190	51.960938
9912.118845	51.960938
9921.149127	51.960938
9925.447093	51.710938
9934.475326	52.187500
9938.777591	52.187500
9947.803778	52.187500
9952.110329	52.187500
9961.134474	52.187500
9970.160480	53.281250
9974.467404	53.039062
9983.491373	53.039062
9987.802561	53.039062
9996.824496	53.101562
10001.139935	53.101562
10010.159839	53.101562
10014.479517	52.476562
10023.497394	52.476562
10027.821299	52.476562
10036.837151	54.070312
10041.165271	54.070312
10050.179103	54.070312
10054.511425	54.882812
10063.523240	54.882812
10072.536920	54.687500
10076.869554	54.687500
10085.881221	53.992188
10090.218035	53.437500
10099.227693	53.437500
10103.568676	52.789062
10112.576329	52.562500
10116.921469	52.359375
10125.927118	52.359375
10130.276403	52.273438
10139.280053	52.101562
10143.633471	52.023438
10152.635126	52.023438
10156.992665	52.000000
10165.992327	52.000000
10174.993857	52.000000
10179.351649	51.984375
10188.351191	52.007812
10192.713083	52.007812
10201.710641	52.007812
10206.076621	52.000000
10215.072197	52.015625
10219.442255	52.015625
10228.435853	52.015625
10232.809976	51.882812
10241.801599	51.882812
10246.179776	51.882812
10255.169428	51.882812
10259.551647	51.882812
10268.539331	51.898438
10277.528886	51.898438
10281.911301	51.960938
10290.898892	51.960938
10295.285329	51.906250
10304.270959	51.906250
10308.661407	51.867188
10317.645080	51.882812
10322.039527	51.812500
10331.021247	51.812500
10335.419682	51.773438
10344.399451	51.820312
10348.801863	51.765625
10357.779685	51.765625
10362.186063	51.734375
10371.161941	51.843750
10375.572273	51.804688
10384.546211	51.804688
10393.522021	51.906250
10397.932487	51.890625
10406.906361	51.890625
10411.320762	51.453125
10420.292702	51.593750
10424.711027	51.593750
10433.681038	51.593750
10438.103276	51.593750
10447.071360	51.593750
10451.497500	51.765625
10460.463661	51.765625
10464.893693	51.632812
10473.857933	51.562500
10478.291846	51.460938
10487.254169	51.460938
10496.218367	51.328125
10500.652361	51.101562
10509.614646	51.101562
10514.052501	50.992188
10523.012877	50.835938
10527.454583	50.617188
10536.413052	50.617188
10540.858599	50.531250
10549.815164	50.414062
10554.264541	50.257812
10563.219206	50.257812
10567.672402	50.210938
10576.625171	50.171875
10581.082175	50.093750
10590.033050	50.093750
10598.985801	50.085938
10603.442837	50.070312
10612.393698	50.070312
10616.854525	50.046875
10625.803499	50.070312
10630.268106	50.085938
10639.215197	50.085938
10643.683573	50.109375
10652.628784	50.250000
10657.100919	50.304688
10666.044253	50.304688
10670.520137	50.421875
10679.461597	50.789062
10683.941220	50.875000
10692.880809	50.875000
10701.822275	51.343750
10706.301883	51.554688
10715.241481	51.554688
10719.724810	51.617188
10728.662545	52.046875
10733.149584	52.171875
10742.085459	52.171875
10746.576199	52.195312
10755.510216	52.382812
10760.004647	52.429688
10768.936809	52.429688
10773.434921	52.437500
10782.365232	52.367188
10786.867015	52.390625
10795.795478	52.390625
10804.725818	52.195312
10809.227539	52.203125
10818.156035	52.203125
10822.661410	52.218750
10831.588065	52.031250
10836.097083	52.023438
10845.021899	52.023438
10849.534552	52.015625
10858.457533	51.898438
10862.973810	51.890625
10871.894959	51.890625
10876.414850	51.867188
10885.334170	51.765625
10889.857667	51.765625
10898.775161	51.765625
10907.694532	51.617188
10912.217923	51.617188
10921.135472	51.617188
10925.662451	51.617188
10934.578181	51.429688
10939.108739	51.429688
10948.022653	51.429688
10952.556779	51.429688
10961.468880	51.257812
10966.006566	51.257812
10974.916856	51.257812
10979.458092	51.257812
10988.366576	51.125000
10992.911352	51.125000
11001.818032	51.125000
11010.726588	51.054688
11015.271218	51.054688
11024.177974	51.054688
11028.726128	51.054688
11037.631086	51.031250
11042.182755	51.039062
11051.085919	51.039062
11055.641094	51.054688
11064.542467	51.046875
11069.101138	51.070312
11078.000722	51.070312
11082.562880	51.125000
11091.460679	51.125000
11096.026316	51.187500
11104.922332	51.187500
11113.820225	51.195312
11118.385674	51.312500
11127.281788	51.312500
11131.850700	51.414062
11140.745038	51.421875
11145.317402	51.617188
11154.209968	51.617188
11158.785776	51.742188
11167.676571	51.742188
11172.255815	51.984375
11181.144843	51.984375
11185.727513	52.101562
11194.614777	52.101562
11199.200864	52.335938
11208.086367	52.335938
11216.973745	52.304688
11221.559606	52.375000
11230.445227	52.375000
11235.034490	52.523438
11243.918356	52.437500
11248.511013	52.453125
11257.393126	52.453125
11261.989167	52.476562
11270.869532	52.343750
11275.468948	52.320312
11284.347566	52.320312
11288.950350	52.281250
11297.827225	52.179688
11302.433366	52.164062
11311.308501	52.164062
11320.185511	52.179688
11324.791389	52.203125
11333.666662	52.203125
11338.275883	52.242188
11347.149422	52.562500
11351.761978	52.757812
11360.633785	52.757812
11365.249667	52.828125
11374.119746	52.593750
11378.738946	53.523438
11387.607299	53.523438
11392.229808	53.523438
11401.096439	53.523438
11405.722248	53.523438
11414.587159	54.687500
11419.216260	54.476562
11428.079454	54.476562
11436.944522	54.476562
11441.573318	54.476562
11450.436673	54.632812
11455.068747	54.632812
11463.930391	54.632812
11468.565734	53.726562
11477.425670	53.726562
11482.064274	53.726562
11490.922504	52.976562
11495.564362	52.976562
11504.420889	52.976562
11509.065992	53.046875
11517.920819	53.046875
11522.569158	53.046875
11531.422289	52.742188
11540.277293	52.742188
11544.925292	52.742188
11553.778603	52.742188
11558.429824	52.398438
11567.281444	52.367188
11571.935880	52.367188
11580.785811	52.367188
11585.443453	52.367188
11594.291699	52.367188
11598.952539	52.796875
11607.799102	53.039062
11612.463132	53.039062
11621.308016	53.039062
11625.975228	54.437500
11634.818434	54.437500
11643.663513	53.757812
11648.330352	53.757812
11657.173757	53.757812
11661.843765	53.757812
11670.685498	53.757812
11675.358667	55.992188
11684.198732	55.250000
11688.875053	55.250000
11697.713452	55.250000
11702.392918	55.250000
11711.229654	55.250000
11715.912256	56.367188
11724.747332	54.656250
11729.433064	54.656250
11738.266482	54.656250
11747.101770	54.656250
11751.787098	54.656250
11760.620732	52.601562
11765.309176	52.203125
11774.141158	52.203125
11778.832710	52.203125
11787.663042	52.203125
11792.357695	52.203125
