0.000000	73.273438
10.000000	73.382812
10.000000	72.585938
14.142136	72.328125
22.360680	72.101562
31.622777	71.640625
41.231056	71.179688
50.990195	70.250000
60.827625	69.476562
70.710678	67.921875
80.622577	66.882812
90.553851	64.804688
100.498756	63.609375
110.453610	61.226562
120.415946	59.976562
130.384048	57.468750
140.356688	56.164062
150.332964	53.554688
160.312195	52.140625
170.293864	49.320312
171.172428	49.320312
181.107703	47.734375
191.049732	44.570312
200.997512	41.867188
210.950231	36.429688
220.907220	36.257812
230.867928	35.078125
240.831892	32.726562
250.798724	30.226562
260.768096	26.695312
270.739727	21.000000
280.713377	17.875000
290.688837	17.734375
300.665928	18.375000
310.644491	19.046875
320.624391	19.703125
330.605505	20.375000
340.587727	21.039062
341.320963	20.843750
351.283361	21.507812
361.247837	22.171875
371.214224	22.835938
381.182371	23.500000
391.152144	23.937500
401.123422	24.523438
411.096096	25.195312
421.070065	26.078125
431.045241	26.937500
441.021541	27.812500
450.998891	28.734375
460.977223	29.671875
470.956474	30.539062
480.936586	31.328125
490.917508	32.109375
500.899191	32.960938
510.881591	33.781250
511.566222	33.906250
521.536192	34.445312
531.507291	34.820312
541.479455	35.250000
551.452627	35.664062
561.426754	36.085938
571.401785	36.500000
581.377674	36.921875
591.354378	37.343750
601.331855	37.757812
611.310069	38.179688
621.288983	38.593750
631.268564	39.023438
641.248782	39.617188
651.229606	40.062500
661.211010	40.132812
671.192968	40.132812
681.175455	40.250000
681.835757	40.273438
691.809222	40.281250
701.783442	40.242188
711.758386	40.195312
721.734023	40.156250
731.710325	40.187500
741.687266	40.289062
751.664819	40.367188
761.642961	40.281250
771.621669	40.312500
781.600921	40.570312
791.580697	40.601562
801.560977	40.742188
811.541743	40.992188
821.522976	40.953125
831.504660	40.875000
841.486779	41.070312
851.469318	41.148438
852.115016	41.101562
862.090482	41.187500
872.066511	41.375000
882.043083	41.546875
892.020179	41.617188
901.997783	41.625000
911.975877	41.953125
921.954446	42.046875
931.933474	42.085938
941.912947	42.015625
951.892851	41.929688
961.873173	41.757812
971.853898	41.671875
981.835017	41.632812
991.816515	41.625000
1001.798383	41.757812
1011.780609	42.000000
1021.763182	42.250000
1031.746093	42.492188
1032.375901	42.523438
1042.353107	42.609375
1052.330746	42.625000
1062.308806	42.632812
1072.287275	42.562500
1082.266141	42.500000
1092.245394	42.515625
1102.225022	42.523438
1112.205017	42.695312
1122.185368	43.140625
1132.166066	43.507812
1142.147101	43.578125
1152.128465	43.703125
1162.110150	43.921875
1172.092147	44.148438
1182.074448	44.234375
1192.057046	44.125000
1202.039933	43.804688
1202.663710	43.726562
1212.641744	43.617188
1222.620137	43.679688
1232.598880	43.796875
1242.577965	43.937500
1252.557384	44.062500
1262.537128	44.093750
1272.517190	44.054688
1282.497563	44.007812
1292.478240	43.953125
1302.459212	43.859375
1312.440475	43.843750
1322.422020	43.765625
1332.403843	43.578125
1342.385936	43.296875
1352.368293	43.335938
1362.350909	43.421875
1372.333779	43.421875
1372.953022	43.468750
1382.931669	43.937500
1392.910622	44.281250
1402.889875	44.304688
1412.869421	44.078125
1422.849254	43.656250
1432.829369	43.296875
1442.809759	43.328125
1452.790418	43.421875
1462.771342	43.476562
1472.752525	43.648438
1482.733961	43.710938
1492.715646	43.750000
1502.697574	44.085938
1512.679741	44.335938
1522.662142	44.484375
1532.644773	44.515625
1542.627628	44.695312
1543.243338	45.015625
1553.222457	45.101562
1563.201842	45.156250
1573.181490	45.140625
1583.161394	44.906250
1593.141551	44.500000
1603.121954	44.257812
1613.102601	44.312500
1623.083485	44.335938
1633.064604	44.437500
1643.045952	44.585938
1653.027525	44.921875
1663.009320	45.304688
1672.991333	45.609375
1682.973559	45.953125
1692.955995	46.148438
1702.938637	46.226562
1712.921481	46.203125
1713.534359	46.281250
1723.513853	46.203125
1733.493582	46.039062
1743.473544	45.929688
1753.453735	45.664062
1763.434150	45.171875
1773.414785	44.382812
1783.395638	43.265625
1793.376703	43.734375
1803.357979	43.867188
1813.339461	43.765625
1823.321146	43.656250
1823.951754	43.375000
1833.930206	43.257812
1843.908891	43.148438
1853.887807	43.039062
1863.866948	42.929688
1873.846312	42.812500
1883.825894	42.703125
1893.805692	42.593750
1903.785702	47.546875
1913.765921	50.500000
1923.746345	50.500000
1924.396009	50.531250
1934.373284	50.531250
1944.350791	51.507812
1954.328529	51.507812
1964.306493	51.507812
1974.284681	51.718750
1984.263087	51.718750
1994.241711	51.718750
2004.220547	52.187500
2014.199593	52.187500
2024.178846	52.187500
2024.845673	52.187500
2034.821860	51.476562
2044.798279	51.476562
2054.774927	51.476562
2064.751801	51.031250
2074.728898	51.031250
2084.706214	51.031250
2094.683747	51.460938
2104.661493	51.460938
2114.639449	51.460938
2124.617613	54.109375
2134.595981	54.109375
2135.275158	54.109375
2145.250568	55.367188
2155.226206	55.367188
2165.202069	55.367188
2175.178154	56.562500
2185.154457	56.562500
2195.130976	56.562500
2205.107707	58.218750
2215.084648	58.218750
2225.061797	58.218750
2235.039150	57.960938
2235.732542	60.132812
2245.707016	60.132812
2255.681715	60.132812
2265.656638	59.890625
2275.631780	59.890625
2285.607140	59.890625
2295.582715	63.031250
2305.558501	63.031250
2315.534496	63.031250
2325.510697	64.148438
2335.487101	64.148438
2336.193485	64.148438
2346.167087	64.148438
2356.140913	65.609375
2366.114959	65.609375
2376.089224	65.609375
2386.063704	65.171875
2396.038397	65.171875
2406.013300	65.171875
2415.988411	63.171875
2425.963726	63.171875
2435.939244	63.171875
2436.657547	63.171875
2446.630336	67.523438
2456.603346	67.523438
2466.576575	67.523438
2476.550020	66.218750
2486.523678	66.218750
2496.497547	66.218750
2506.471624	63.898438
2516.445906	63.898438
2526.420393	63.898438
2536.395080	61.726562
2546.369965	61.726562
2547.096386	61.789062
2557.068634	61.789062
2567.041098	62.507812
2577.013776	60.953125
2586.986664	60.312500
2596.959761	53.078125
2606.933064	53.078125
2616.906571	53.078125
2626.880279	52.992188
2636.854186	52.992188
2646.828291	52.992188
2647.564919	52.992188
2657.536453	61.257812
2667.508201	62.609375
2677.480159	65.171875
2687.452325	64.343750
2697.424698	64.343750
2707.397274	64.343750
2717.370052	64.046875
2727.343029	64.046875
2737.316204	64.046875
2747.289573	66.070312
2748.035662	66.070312
2758.006526	66.070312
2767.977601	66.070312
2777.948884	68.468750
2787.920372	68.117188
2797.892064	65.445312
2807.863957	64.289062
2817.836049	61.976562
2827.808339	61.234375
2837.780823	59.750000
2847.753501	59.476562
2848.508382	59.476562
2858.478616	58.929688
2868.449058	57.070312
2878.419705	57.070312
2888.390555	57.070312
2898.361606	53.929688
2908.332856	53.929688
2918.304302	53.929688
2928.275943	54.976562
2938.247777	54.976562
2948.219802	54.976562
2958.192015	57.078125
2958.952517	57.078125
2968.922363	57.078125
2978.892412	57.078125
2988.862660	57.390625
2998.833106	57.390625
3008.803749	57.390625
3018.774586	56.843750
3028.745615	56.843750
3038.716834	56.843750
3048.688243	52.343750
3058.659837	52.343750
3059.428051	52.343750
3069.397335	52.343750
3079.366818	54.898438
3089.336498	54.898438
3099.306374	54.898438
3109.276443	58.750000
3119.246704	58.750000
3129.217154	58.750000
3139.187793	60.351562
3149.158618	60.351562
3159.129627	60.351562
3159.905062	60.617188
3169.873815	61.187500
3179.842763	61.187500
3189.811907	61.187500
3199.781243	60.578125
3209.750769	60.578125
3219.720485	60.578125
3229.690388	62.289062
3239.660476	62.289062
3249.630748	62.289062
3259.601203	60.601562
3260.383413	60.601562
3270.351663	60.601562
3280.320106	60.601562
3290.288741	59.007812
3300.257566	59.007812
3310.226578	59.007812
3320.195777	58.046875
3330.165161	58.046875
3340.134728	58.046875
3350.104476	58.468750
3360.074404	58.468750
3370.044510	58.468750
3370.830758	58.468750
3380.798722	59.367188
3390.766875	59.367188
3400.735215	59.367188
3410.703740	61.187500
3420.672449	61.187500
3430.641339	61.187500
3440.610411	60.039062
3450.579661	60.039062
3460.549089	60.039062
3470.518693	60.570312
3471.310992	61.539062
3481.278501	61.539062
3491.246196	61.539062
3501.214075	61.437500
3511.182137	61.437500
3521.150380	61.437500
3531.118803	61.500000
3541.087404	61.500000
3551.056181	61.500000
3561.025133	61.453125
3570.994259	61.453125
3571.792267	61.453125
3581.759344	61.453125
3591.726604	61.453125
3601.694046	61.453125
3611.661667	60.000000
3621.629468	60.000000
3631.597445	60.000000
3641.565597	58.437500
3651.533924	58.437500
3661.502424	58.437500
3671.471095	55.328125
3672.274500	55.328125
3682.241165	55.328125
3692.208011	55.328125
3702.175036	53.781250
3712.142239	53.781250
3722.109617	53.781250
3732.077170	53.171875
3742.044896	53.171875
3752.012793	53.171875
3761.980861	53.539062
3771.949098	53.539062
3781.917503	53.539062
3782.723886	54.562500
3792.690338	54.687500
3802.656966	54.687500
3803.485244	54.687500
3813.449882	54.687500
3814.302033	54.687500
3824.264635	54.726562
3834.227432	54.726562
3835.101042	55.117188
3845.061768	55.117188
3845.958918	55.117188
3855.917530	53.023438
3856.838083	53.023438
3866.794538	53.023438
3867.738357	53.953125
3877.692613	53.953125
3878.659562	53.953125
3888.611577	52.750000
3889.601522	52.750000
3899.551256	52.750000
3909.501247	52.750000
3910.511475	52.593750
3920.459157	52.570312
3921.492063	52.570312
3931.437396	52.304688
3932.492848	52.304688
3942.435795	52.039062
3943.513662	51.367188
3953.454186	51.664062
3954.554336	51.664062
3964.492401	51.554688
3965.614706	51.804688
3975.550276	51.648438
3985.486169	51.468750
3986.627648	51.351562
3996.561022	51.351562
3997.724353	51.351562
4007.655175	51.351562
4008.840231	51.351562
4018.768468	51.710938
4019.975124	51.609375
4029.900743	51.609375
4031.128874	51.609375
4041.051843	51.609375
4042.301325	51.609375
4052.221613	51.578125
4062.142292	51.578125
4063.409898	51.296875
4073.327878	51.296875
4074.616546	51.296875
4084.531797	51.843750
4085.841407	51.843750
4095.753899	51.843750
4097.084329	50.968750
4106.994035	50.968750
4108.345166	50.968750
4118.252056	51.210938
4119.623769	51.210938
4129.527818	51.210938
4139.432328	51.210938
4140.821175	50.906250
4150.722829	51.257812
4152.131982	51.257812
4162.030754	51.257812
4163.460099	51.257812
4173.355964	51.257812
4174.805385	51.250000
4184.698316	52.101562
4186.167699	52.101562
4196.057674	52.101562
4197.546903	51.757812
4207.433897	51.757812
4217.321425	52.937500
4218.826851	52.687500
4228.711388	52.687500
4230.236400	52.687500
4240.117923	52.687500
4241.662410	51.460938
4251.540897	51.453125
4253.104748	51.453125
4262.980178	51.453125
4264.563284	51.453125
4274.435635	51.453125
4276.037886	50.976562
4285.907139	50.968750
4295.776996	50.968750
4297.394559	50.968750
4307.261311	50.968750
4308.897771	50.968750
4318.761397	51.359375
4320.416647	50.671875
4330.277127	50.671875
4331.951062	50.671875
4341.808379	50.671875
4343.500892	50.671875
4353.355028	51.437500
4355.066016	50.679688
4364.916952	50.679688
4374.768565	50.679688
4376.494031	50.679688
4386.342440	50.593750
4388.086143	50.593750
4397.931332	50.593750
4399.693171	51.640625
4409.535123	51.640625
4411.314997	51.640625
4421.153696	51.671875
4422.951503	51.671875
4432.786934	51.671875
4434.602575	50.937500
4444.434722	50.937500
4454.267617	51.000000
4456.096947	51.000000
4465.926556	51.000000
4467.773495	51.000000
4477.599803	51.000000
4479.464254	51.429688
4489.287249	51.328125
4491.169113	51.328125
4500.988780	51.328125
4502.887962	51.328125
4512.704289	51.328125
4514.620693	51.648438
4524.433666	51.937500
4534.247457	51.937500
4536.176804	51.937500
4545.987242	51.937500
4547.933597	51.937500
4557.740668	52.929688
4559.703938	51.671875
4569.507632	51.671875
4571.487723	51.671875
4581.288028	51.671875
4583.284848	51.671875
4593.081754	52.460938
4595.095211	52.710938
4604.888707	52.710938
4614.683088	52.710938
4616.708784	52.710938
4626.499757	51.578125
4628.541887	51.578125
4638.329441	51.578125
4640.387915	51.687500
4650.172040	51.687500
4652.246769	51.687500
4662.027456	50.718750
4664.118352	50.718750
4673.895591	50.718750
4676.002566	50.632812
4685.776350	50.632812
4695.551086	50.828125
4697.669635	50.828125
4707.440918	50.828125
4709.575352	50.828125
4719.343175	50.828125
4721.493408	50.781250
4731.257761	51.039062
4733.423708	51.039062
4743.184584	51.039062
4745.366161	51.039062
4755.123553	51.039062
4757.320674	50.671875
4767.074575	50.820312
4776.829492	50.820312
4779.037560	50.820312
4788.788991	50.820312
4791.012419	50.820312
4800.760356	51.148438
4802.999063	51.093750
4812.743500	51.093750
4814.997404	51.093750
4824.738335	51.093750
4827.007354	51.093750
4836.744773	50.906250
4839.028828	50.796875
4848.762729	50.796875
4858.497710	50.796875
4860.792117	50.796875
4870.523586	51.187500
4872.832852	51.187500
4882.560804	51.187500
4884.884850	50.937500
4894.609280	50.937500
4896.948029	50.937500
4906.668931	52.062500
4909.022306	52.062500
4918.739676	52.062500
4921.107599	51.312500
4930.821433	51.312500
4940.536408	52.320312
4942.914120	52.320312
4952.625566	52.320312
4955.017659	52.320312
4964.725571	52.632812
4967.131969	51.429688
4976.836345	51.429688
4979.256973	51.429688
4988.957807	51.429688
4991.392591	51.429688
5001.089881	51.656250
5003.538748	50.976562
5013.232490	50.976562
5022.927433	50.976562
5025.385557	50.976562
5035.076961	51.007812
5037.549007	51.007812
5047.236868	51.007812
5049.722765	51.031250
5059.407080	51.031250
5061.906755	51.031250
5071.587523	51.148438
5074.100906	51.148438
5083.778123	51.148438
5086.305142	51.023438
5095.978807	51.023438
5105.653729	50.992188
5108.189503	50.992188
5117.860881	50.992188
5120.410140	50.992188
5130.077972	50.992188
5132.640646	51.390625
5142.304931	51.078125
5144.880951	51.078125
5154.541687	51.078125
5157.130985	51.078125
5166.788171	51.078125
5169.390680	51.476562
5179.044313	51.289062
5188.699259	51.289062
5191.310047	51.289062
5200.961450	51.289062
5203.585302	51.289062
5213.233162	51.140625
5215.870014	51.351562
5225.514329	51.351562
5228.164114	51.351562
5237.804884	51.351562
5240.467536	51.351562
5250.104761	51.703125
5252.780216	51.859375
5262.413895	51.859375
5272.048938	51.859375
5274.732221	51.859375
5284.363727	52.156250
5287.059674	52.156250
5296.687644	52.156250
5299.396192	52.679688
5309.020625	52.679688
5311.741711	52.679688
5321.362607	52.101562
5324.096167	52.101562
5333.713528	52.101562
5336.459500	51.976562
5346.073325	51.976562
5355.688565	51.328125
5358.441938	51.328125
5368.053651	51.328125
5370.819304	51.328125
5380.427492	51.328125
5383.205365	51.171875
5392.810028	51.539062
5395.600059	51.539062
5405.201199	51.539062
5408.003328	51.539062
5417.600945	51.539062
5420.415113	51.609375
5430.009208	51.453125
5439.604765	51.453125
5442.425930	51.453125
5452.017975	51.453125
5454.851052	51.453125
5464.439587	51.351562
5467.284518	51.289062
5476.869544	51.289062
5479.726271	51.289062
5489.307789	51.289062
5492.176254	51.289062
5501.754266	51.656250
5504.634411	51.726562
5514.208919	51.726562
5523.784934	51.726562
5526.671693	51.726562
5536.244214	51.992188
5539.142533	51.992188
5548.711562	51.992188
5551.621385	51.789062
5561.186924	51.789062
5564.108194	51.789062
5573.670245	51.812500
5576.602909	51.812500
5586.161473	51.812500
5589.105474	51.867188
5598.660554	51.867188
5608.217186	51.507812
5611.167436	51.507812
5620.720594	51.507812
5623.682068	51.789062
5633.231755	51.789062
5636.204397	51.789062
5645.750614	51.976562
5648.734372	51.976562
5658.277123	51.976562
5661.271942	52.351562
5670.811229	52.351562
5673.817057	52.351562
5683.352884	52.242188
5692.890303	52.242188
5695.902036	52.242188
5705.436004	52.242188
5708.458636	51.468750
5717.989157	51.242188
5721.022636	51.242188
5730.549712	51.242188
5733.593986	51.242188
5743.117620	51.242188
5746.172639	51.421875
5755.692834	51.882812
5758.758547	51.882812
5768.275305	51.882812
5777.793697	51.882812
5780.864987	51.882812
5790.379953	52.210938
5793.461832	51.921875
5802.973376	51.921875
5806.065794	51.921875
5815.573918	51.921875
5818.676826	51.921875
5828.181535	52.960938
5831.294882	53.312500
5840.796179	53.312500
5843.919917	53.312500
5853.417805	53.312500
5862.917363	53.437500
5866.046369	53.437500
5875.542528	53.437500
5878.681825	53.289062
5888.174590	53.289062
5891.324130	53.289062
5900.813503	53.101562
5903.973238	53.101562
5913.459225	53.101562
5916.629108	52.828125
5926.111710	52.828125
5929.291695	52.828125
5938.770917	52.617188
5948.251844	52.617188
5951.436801	52.617188
5960.914359	52.617188
5964.109322	52.898438
5973.583514	53.007812
5976.788435	53.007812
5986.259266	53.007812
5989.474100	53.007812
5998.941573	53.007812
6002.166276	53.031250
6011.630394	52.507812
6014.864920	52.507812
6024.325688	52.507812
6033.788196	52.507812
6037.027414	52.507812
6046.486583	52.679688
6049.735531	52.359375
6059.191365	52.359375
6062.450000	52.359375
6071.902503	52.359375
6075.170779	52.359375
6084.619955	51.656250
6087.897831	52.109375
6097.343684	52.109375
6100.631115	52.109375
6110.073649	52.109375
6119.517955	51.593750
6122.809812	51.593750
6132.250810	51.593750
6135.552135	51.203125
6144.989829	51.203125
6148.300578	51.203125
6157.734973	51.203125
6161.055104	51.203125
6170.486205	51.203125
6173.815676	52.460938
6183.243485	52.460938
6186.582255	52.460938
6196.006779	52.039062
6205.433103	52.039062
6208.776047	52.039062
6218.199096	52.039062
6221.551254	51.929688
6230.971032	52.179688
6234.332362	52.179688
6243.748874	52.179688
6247.119336	52.179688
6256.532586	52.179688
6259.912140	52.117188
6269.322132	52.429688
6272.710738	52.429688
6282.117477	52.429688
6291.526047	52.429688
6294.918586	52.429688
6304.323913	52.710938
6307.725422	51.382812
6317.127512	51.382812
6320.537952	51.382812
6329.936809	51.382812
6333.356140	51.382812
6342.751769	51.609375
6346.179953	52.093750
6355.572358	52.093750
6359.009357	52.093750
6368.398543	52.093750
6377.789586	53.039062
6381.230289	53.039062
6390.618123	53.039062
6394.067563	53.046875
6403.452194	53.046875
6406.910332	53.046875
6416.291764	54.320312
6419.758562	54.320312
6429.136801	54.320312
6432.612222	54.187500
6441.987271	54.460938
6445.471278	54.460938
6454.843143	54.460938
6464.216890	54.460938
6467.704384	54.460938
6477.074957	53.039062
6480.570963	52.726562
6489.938366	52.726562
6493.442846	52.726562
6502.807086	52.726562
6506.320004	52.726562
6515.681085	52.812500
6519.202405	53.062500
6528.560331	53.062500
6532.090018	53.062500
6541.444795	53.062500
6550.801478	51.859375
6554.334444	51.859375
6563.687988	51.859375
6567.229248	52.531250
6576.579658	52.531250
6580.129178	52.531250
6589.476459	52.351562
6593.034203	52.351562
6602.378359	52.351562
6605.944293	52.367188
6615.285330	52.367188
6618.859418	52.367188
6628.197342	53.242188
6637.537194	53.242188
6641.114364	53.242188
6650.451113	53.242188
6654.036369	52.507812
6663.370018	52.921875
6666.963327	52.921875
6676.293882	52.921875
6679.895209	52.921875
6689.222675	52.921875
6692.831987	52.890625
6702.156369	52.656250
6705.773632	52.656250
6715.094936	52.656250
6724.418190	52.656250
6728.038347	52.656250
6737.358533	51.593750
6740.986575	52.367188
6750.303697	52.367188
6753.939591	52.367188
6763.253655	52.367188
6766.897369	52.367188
6776.208379	51.781250
6779.859881	52.351562
6789.167843	52.351562
6792.827099	52.351562
6802.132019	52.351562
6811.438908	52.031250
6815.100880	52.031250
6824.404736	52.031250
6828.074399	53.117188
6837.375227	53.117188
6841.052551	53.117188
6850.350356	52.140625
6854.035308	52.140625
6863.330096	52.140625
6867.022644	52.281250
6876.314420	52.281250
6880.014535	52.281250
6889.303303	52.492188
6898.594060	52.492188
6902.296719	52.492188
6911.584478	52.492188
6915.294643	52.132812
6924.579410	52.023438
6928.297049	52.023438
6937.578828	52.023438
6941.303912	52.023438
6950.582709	52.023438
6954.315207	52.023438
6963.591028	51.937500
6967.330909	51.937500
6976.603758	51.937500
6985.878613	51.937500
6989.620877	51.937500
6998.892770	51.726562
7002.642358	51.789062
7011.911294	51.789062
7015.668179	51.789062
7024.934163	51.789062
7028.698315	51.789062
7037.961353	51.539062
7041.732741	51.898438
7050.992838	51.898438
7054.771435	51.898438
7064.028596	51.898438
7073.287779	52.093750
7077.068602	51.867188
7086.324858	51.867188
7090.112834	51.867188
7099.366169	51.867188
7103.161268	51.867188
7112.411687	52.867188
7116.213881	52.726562
7125.461389	52.726562
7129.270650	52.726562
7138.515252	52.726562
7142.331552	52.726562
7151.573253	53.046875
7160.816992	53.046875
7164.635371	52.718750
7173.876219	52.718750
7177.701582	52.718750
7186.939543	52.843750
7190.771864	52.843750
7200.006944	52.843750
7203.846195	52.156250
7213.078400	52.156250
7216.924553	52.156250
7226.153887	51.468750
7230.006916	51.468750
7239.233385	51.468750
7248.461906	51.468750
7252.316871	52.570312
7261.542536	52.882812
7265.404325	52.882812
7274.627138	52.882812
7278.495724	52.882812
7287.715691	52.882812
7291.591047	53.007812
7300.808174	53.257812
7304.690274	53.257812
7313.904566	53.257812
7317.793383	53.257812
7327.004845	53.257812
7336.218372	53.101562
7340.108991	52.429688
7349.319696	52.429688
7353.216983	52.429688
7362.424872	52.429688
7366.328801	52.429688
7375.533879	52.796875
7379.444424	52.289062
7388.646696	52.289062
7392.563831	52.289062
7401.763303	52.289062
7405.687004	52.289062
7414.883681	52.203125
7424.082435	52.203125
7428.007808	52.656250
7437.203776	52.656250
7441.135666	52.656250
7450.328852	52.492188
7454.267234	52.492188
7463.457644	52.492188
7467.402494	52.507812
7476.590132	52.507812
7480.541424	52.507812
7489.726297	52.898438
7493.684007	52.898438
7502.866119	52.898438
7512.050319	52.898438
7516.009580	52.703125
7525.191027	51.960938
7529.156659	51.960938
7538.335360	51.960938
7542.307339	51.960938
7551.483298	51.960938
7555.461601	51.867188
7564.634823	51.851562
7568.619425	51.851562
7577.789915	51.851562
7581.780793	51.851562
7590.948557	51.851562
7600.118420	52.257812
7604.110730	52.218750
7613.277875	52.218750
7617.276416	52.218750
7626.440847	52.218750
7630.445596	52.218750
7639.607320	52.203125
7643.618253	52.437500
7652.777274	52.437500
7656.794368	52.437500
7665.950691	52.437500
7669.973924	52.437500
7679.127555	52.273438
7688.283293	52.273438
7692.307846	52.210938
7701.460900	52.210938
7705.491548	52.210938
7714.641923	52.617188
7718.678643	52.617188
7727.826344	52.617188
7731.869114	52.156250
7741.014145	52.156250
7745.062944	52.156250
7754.205311	52.031250
7758.260114	52.031250
7767.399822	52.031250
7771.460609	51.992188
7780.597663	51.992188
7784.664412	51.992188
7793.798817	51.539062
7797.871504	51.539062
7807.003266	51.539062
7811.081871	52.039062
7820.210995	52.039062
7824.295495	52.039062
7833.421985	52.421875
7837.512360	52.421875
7846.636222	52.421875
7850.732450	52.593750
7859.853688	52.593750
7863.955748	52.593750
7873.074368	52.937500
7877.182237	52.937500
7886.298244	52.937500
7890.411903	52.992188
7894.536085	52.992188
7903.644729	52.992188
7907.774655	52.992188
7916.880699	52.898438
7921.016349	52.742188
7930.119797	52.742188
7934.261150	52.742188
7943.362009	52.742188
7947.509044	52.742188
7956.607317	52.929688
7960.760014	52.812500
7969.855708	52.812500
7974.014046	52.812500
7983.107165	52.109375
7987.271123	52.109375
7996.361673	52.109375
8000.531232	52.578125
8009.619217	52.578125
8013.794357	52.578125
8022.879782	52.992188
8027.060483	52.992188
8036.143354	52.992188
8040.329595	52.437500
8049.409916	52.437500
8053.601679	52.437500
8062.679455	52.851562
8066.876719	52.851562
8075.951956	52.851562
8080.154701	52.406250
8089.227404	52.406250
8093.435612	52.406250
8102.505785	52.429688
8106.719435	52.429688
8115.787084	52.429688
8120.006158	52.476562
8129.071288	52.476562
8133.295765	52.476562
8142.358381	52.656250
8146.588243	52.656250
8155.648349	52.656250
8159.883578	52.726562
8164.128857	52.726562
8173.181755	52.726562
8177.432360	52.726562
8186.482761	52.867188
8190.738672	52.039062
8199.786583	52.039062
8204.047781	52.039062
8213.093205	52.039062
8217.359673	52.039062
8226.402616	52.187500
8230.674334	53.203125
8239.714801	53.203125
8243.991752	53.203125
8253.029747	53.203125
8257.311911	53.203125
8266.347440	53.460938
8270.634800	53.281250
8279.667868	53.281250
8283.960406	53.281250
8292.991017	53.281250
8297.288714	53.281250
8306.316873	52.898438
8310.619712	52.382812
8319.645425	52.382812
8323.953388	52.382812
8332.976659	52.382812
8337.289727	52.382812
8346.310562	52.500000
8350.628719	52.289062
8359.647122	52.289062
8363.970349	52.289062
8372.986325	52.289062
8377.314606	52.289062
8386.328160	52.726562
8390.661476	52.609375
8399.672613	52.609375
8404.010947	52.609375
8413.019672	52.609375
8417.363007	52.609375
8426.369325	52.460938
8430.717644	52.328125
8435.075578	52.328125
8444.074846	52.328125
8448.437725	52.609375
8457.434599	52.609375
8461.802408	52.609375
8470.796893	52.062500
8475.169615	52.062500
8484.161715	52.062500
8488.539333	52.289062
8497.529053	52.289062
8501.911550	52.289062
8510.898895	52.023438
8515.286255	52.023438
8524.271230	52.023438
8528.663436	51.851562
8537.646046	51.851562
8542.043081	51.851562
8551.023331	52.687500
8555.425179	52.687500
8564.403073	52.687500
8568.809719	52.578125
8577.785262	52.578125
8582.196688	52.578125
8591.169885	52.539062
8595.586077	52.539062
8604.556932	52.539062
8608.977872	52.062500
8617.946391	52.062500
8622.372063	52.062500
8631.338251	52.312500
8635.768640	52.312500
8644.732500	52.312500
8649.167590	52.648438
8658.129128	52.648438
8662.568903	52.648438
8671.528124	52.960938
8675.972568	52.960938
8684.929476	52.960938
8689.378574	52.757812
8698.333174	52.757812
8702.786910	52.757812
8707.249853	52.757812
8716.197565	52.539062
8720.665112	52.710938
8729.610530	52.710938
8734.082665	52.710938
8743.025792	52.710938
8747.502501	52.710938
8756.443342	52.593750
8760.924609	52.921875
8769.863169	52.921875
8774.348979	52.921875
8783.285262	52.921875
8787.775600	52.921875
8796.709612	52.328125
8801.204463	52.859375
8810.136208	52.859375
8814.635557	52.859375
8823.565039	52.859375
8828.068872	52.859375
8836.996096	52.773438
8841.504397	52.601562
8850.429368	52.601562
8854.942123	52.601562
8863.864846	52.601562
8868.382040	52.601562
8877.302518	52.710938
8881.824137	54.328125
8890.742376	54.328125
8895.268405	54.328125
8904.184410	54.328125
8908.714834	54.328125
8917.628609	54.171875
8922.163415	55.703125
8931.074963	55.703125
8935.614137	55.703125
8944.523464	55.703125
8949.066990	55.703125
8957.974101	55.859375
8962.521967	55.757812
8967.078677	55.757812
8975.979055	55.757812
8980.540073	55.757812
8989.438247	55.757812
8994.003558	54.281250
9002.899533	54.226562
9007.469123	54.226562
9016.362903	54.226562
9020.936758	54.226562
9029.828348	54.226562
9034.406455	52.281250
9043.295859	53.296875
9047.878204	53.296875
9056.765427	53.296875
9061.351996	53.296875
9070.237042	53.296875
9074.827822	53.390625
9083.710696	53.398438
9088.305673	53.398438
9097.186378	53.398438
9101.785539	53.398438
9110.664081	53.398438
9115.267412	52.742188
9124.143795	52.796875
9128.751284	52.796875
9137.625512	52.796875
9142.237144	52.796875
9151.109222	52.796875
9155.724985	53.273438
9164.594917	53.242188
9169.214797	53.242188
9178.082588	53.242188
9182.706573	53.242188
9191.572227	53.242188
9196.200302	53.671875
9205.063824	53.968750
9209.695978	53.968750
9218.557371	53.968750
9223.193590	53.968750
9232.052859	53.968750
9236.693131	54.210938
9241.341894	54.210938
9250.194593	54.562500
9254.847379	54.562500
9263.697966	54.562500
9268.354762	54.242188
9277.203242	54.242188
9281.864037	54.242188
9290.710414	53.617188
9295.375194	53.617188
9304.219473	53.617188
9308.888226	52.976562
9317.730410	52.976562
9322.403124	52.976562
9331.243218	52.781250
9335.919880	52.781250
9344.757889	52.781250
9349.438486	52.632812
9358.274414	52.632812
9362.958934	52.632812
9371.792785	51.937500
9376.481216	51.937500
9385.312994	51.937500
9390.005325	52.328125
9398.835034	52.328125
9403.531252	52.328125
9412.358897	51.992188
9417.058989	51.992188
9425.884574	51.992188
9430.588529	52.343750
9439.412058	52.343750
9444.119864	52.343750
9452.941341	52.367188
9457.652986	52.367188
9466.472416	52.367188
9471.187887	52.742188
9480.005274	52.742188
9484.724561	52.742188
9493.539909	53.117188
9498.262999	53.117188
9507.076312	53.117188
9511.803194	53.093750
9516.538236	53.093750
9525.345138	53.093750
9530.083945	53.093750
9538.888824	53.187500
9543.631384	53.382812
9552.434245	53.382812
9557.180547	53.382812
9565.981392	53.406250
9570.731425	53.406250
9579.530260	53.406250
9584.284011	53.710938
9593.080840	53.710938
9597.838298	53.710938
9606.633125	53.882812
9611.394280	53.882812
9620.187108	53.882812
9624.951948	54.289062
9633.742783	54.289062
9638.511296	54.289062
9647.300140	54.148438
9652.072316	54.148438
9660.859175	54.148438
9665.635002	54.226562
9674.419879	54.226562
9679.199347	54.226562
9687.982246	53.929688
9692.765343	53.929688
9701.546269	53.929688
9706.332984	53.789062
9715.111940	53.789062
9719.902263	53.789062
9728.679253	53.468750
9733.473173	53.468750
9742.248200	53.468750
9747.045706	52.390625
9755.818777	52.390625
9760.619857	52.390625
9769.390974	52.921875
9774.195619	52.742188
9782.964786	52.742188
9787.772985	52.742188
9792.589035	52.742188
9801.351948	52.742188
9806.171526	52.390625
9814.932501	52.109375
9819.755598	52.109375
9828.514639	52.109375
9833.341243	52.109375
9842.098354	52.109375
9846.928455	53.203125
9855.683639	53.242188
9860.517228	53.242188
9869.270490	53.242188
9874.107555	53.242188
9882.858898	53.242188
9887.699429	52.976562
9896.448858	53.187500
9901.292845	53.187500
9910.040363	53.187500
9914.887796	53.187500
9923.633407	53.187500
9928.484275	52.609375
9937.227984	52.906250
9942.082277	52.906250
9950.824086	52.906250
9955.681795	52.906250
9964.421709	52.906250
9969.282823	52.500000
9978.020846	52.250000
9982.885354	52.250000
9991.621490	52.250000
9996.489384	52.250000
10005.223636	52.250000
10010.094905	52.062500
10018.827277	52.242188
10023.701911	52.242188
10032.432407	52.242188
10037.310397	52.242188
10046.039020	52.242188
10050.920356	52.460938
10059.647111	52.617188
10064.531782	52.617188
10069.424015	52.617188
10078.144671	52.617188
10083.040216	52.289062
10091.759014	52.289062
10096.657863	52.289062
10105.374807	52.750000
10110.276950	52.750000
10118.992045	52.750000
10123.897471	52.421875
10132.610720	52.421875
10137.519420	52.421875
10146.230827	53.351562
10151.142793	53.351562
10159.852361	53.351562
10164.767582	53.359375
10173.475316	53.359375
10178.393783	53.359375
10187.099685	53.804688
10192.021389	53.804688
10200.725464	53.765625
10205.650396	53.546875
10214.352647	53.468750
10219.280797	53.468750
10227.981228	53.453125
10232.912586	53.343750
10241.611201	53.335938
10246.545759	53.335938
10255.242562	53.367188
10260.180310	53.335938
10268.875304	53.359375
10273.816234	53.359375
10282.509421	53.359375
10287.453524	53.468750
10296.144910	53.585938
10301.092175	53.585938
10309.781763	53.640625
10314.732183	53.648438
10323.419976	53.765625
10328.373541	53.765625
10333.334409	53.765625
10342.016244	53.812500
10346.980236	53.812500
10355.660288	53.898438
10360.627394	53.828125
10369.305666	53.828125
10374.275878	53.828125
10382.952374	53.828125
10387.925683	53.828125
10396.600406	53.570312
10401.576804	53.476562
10410.249757	53.476562
10415.229234	53.476562
10423.900422	53.476562
10428.882970	53.476562
10437.552395	52.796875
10442.538006	52.226562
10451.205672	52.226562
10456.194336	52.226562
10464.860248	52.226562
10469.851957	52.226562
10478.516116	52.351562
10483.510862	53.937500
10492.173273	53.937500
10497.171047	53.937500
10505.831714	53.937500
10510.832507	53.937500
10519.491433	53.960938
10524.495237	53.890625
10533.152425	53.851562
10538.159232	53.851562
10546.814685	53.781250
10551.824487	53.640625
10560.478209	53.585938
10565.490997	52.890625
10574.142991	52.890625
10579.158757	52.890625
10587.809027	52.890625
10592.827762	52.890625
10601.476312	53.273438
10606.498008	53.195312
10611.526752	53.195312
10620.169490	53.210938
10625.201175	53.164062
10633.842203	53.203125
10638.876820	53.203125
10647.516142	53.242188
10652.553684	53.179688
10661.191303	53.234375
10666.231762	53.234375
10674.867681	53.257812
10679.911048	53.156250
10688.545271	53.179688
10693.591539	53.179688
10702.224068	53.195312
10707.273229	53.109375
10715.904068	53.132812
10720.956114	53.132812
10729.585267	53.007812
10734.640190	53.007812
10743.267659	53.007812
10748.325451	53.007812
10756.951241	53.007812
10762.011894	53.164062
10770.636007	53.000000
10775.699513	53.000000
10784.321954	53.000000
10789.388305	53.000000
10798.009076	53.000000
10803.078265	53.210938
10811.697369	53.218750
10816.769388	53.117188
10825.386829	53.125000
10830.461671	53.125000
10839.077452	53.125000
10844.155108	52.812500
10852.769232	53.054688
10857.849695	53.054688
10866.462166	53.046875
10871.545428	53.015625
10880.156249	53.000000
10885.242303	52.648438
10890.335165	52.648438
10898.940315	52.929688
10904.035950	52.929688
10912.639461	52.875000
10917.737861	52.796875
10926.339735	52.750000
10931.440893	52.750000
10940.041133	52.656250
10945.145042	52.601562
10953.743652	52.562500
10958.850305	52.562500
10967.447287	52.484375
10972.556676	52.531250
10981.152034	52.531250
10986.264151	52.531250
10994.857889	52.531250
10999.972727	52.664062
11008.564847	52.687500
11013.682400	52.687500
11022.272905	52.656250
11027.393164	52.656250
11035.982059	52.656250
11041.105017	52.468750
11049.692303	52.468750
11054.817954	52.468750
11063.403635	52.500000
11068.531971	52.500000
11077.116051	52.500000
11082.247065	52.312500
11090.829545	52.312500
11095.963230	52.312500
11104.544115	52.804688
11109.680463	52.648438
11118.259756	52.640625
11123.398761	52.640625
11131.976464	52.632812
11137.118119	52.460938
11145.694236	52.453125
11150.838533	52.453125
11159.413067	52.445312
11164.560000	52.312500
11169.713515	52.312500
11178.282516	52.312500
11183.438648	52.281250
11192.006076	52.281250
11197.164820	52.281250
11205.730677	52.289062
11210.892025	52.359375
11219.456315	52.375000
11224.620261	52.375000
11233.182986	52.398438
11238.349523	52.562500
11246.910687	52.601562
11252.079808	52.601562
11260.639413	52.492188
11265.811112	52.773438
11274.369162	52.773438
11279.543430	52.773438
11288.099929	52.773438
11293.276761	52.773438
11301.831710	52.351562
11307.011099	53.164062
11315.564502	53.226562
11320.746442	53.218750
11329.298301	53.335938
11334.482785	53.335938
11343.033104	53.382812
11348.220125	53.281250
11356.768907	53.382812
11361.958458	53.382812
11370.505706	53.406250
11375.697781	53.250000
11384.243497	53.320312
11389.438090	53.320312
11397.982278	53.320312
11403.179381	53.187500
11411.722044	53.210938
11416.921652	53.210938
11425.462792	53.195312
11430.664898	53.085938
11439.204518	53.078125
11444.409115	53.078125
11449.620081	52.992188
11458.154302	52.960938
11463.367743	52.960938
11471.900453	52.898438
11477.116363	52.773438
11485.647566	52.710938
11490.865938	52.710938
11499.395636	52.578125
11504.616465	52.429688
11513.144662	52.359375
11518.367940	52.359375
11526.894638	52.210938
11532.120360	52.125000
11540.645563	52.078125
11545.873722	52.078125
11554.397431	51.984375
11559.628022	51.984375
11568.150241	51.960938
11573.383256	51.960938
11581.903989	51.921875
11587.139423	51.898438
11595.658670	51.875000
11600.896517	51.875000
11609.414283	51.828125
11614.654536	51.718750
11623.170824	51.687500
11628.413477	51.687500
11636.928289	51.632812
11642.173337	51.492188
11650.686675	51.492188
11655.934111	51.492188
11664.445979	51.484375
11669.695797	51.398438
11678.206198	51.437500
11683.458392	51.437500
11691.967328	51.515625
11697.221892	51.515625
11705.729366	51.585938
11710.986295	51.585938
11716.249400	51.640625
11724.751597	51.812500
11730.017050	51.812500
11738.517794	51.898438
11743.785591	52.031250
11752.284884	52.226562
11757.555018	52.226562
11766.052864	52.296875
11771.325329	52.460938
11779.821730	52.609375
11785.096521	52.609375
11793.591480	52.648438
11798.868590	52.773438
11807.362110	52.859375
11812.641534	52.859375
11821.133617	52.875000
11826.415349	52.945312
11834.905999	52.968750
11840.190032	52.968750
11848.679251	52.968750
11853.965581	52.984375
11862.453372	52.976562
11867.741992	52.976562
11876.228358	52.960938
11881.519263	52.945312
11890.004205	52.906250
11895.297390	52.906250
11903.780912	52.867188
11909.076371	52.804688
11917.558475	52.726562
11922.856201	52.726562
11931.336891	52.671875
11936.636880	52.578125
11945.116157	52.492188
11950.418403	52.476562
11958.896270	52.445312
11964.200767	52.382812
11972.677228	52.343750
11977.983971	52.343750
11986.459027	52.335938
11991.768010	52.046875
11997.082979	52.046875
12005.552882	52.046875
12010.870077	52.046875
12019.338584	52.523438
12024.657999	52.523438
12033.125114	52.562500
12038.446744	52.601562
12046.912468	52.578125
12052.236307	52.578125
12060.700643	52.539062
12066.026687	52.453125
12074.489637	52.398438
12079.817879	52.398438
12088.279447	52.289062
12093.609883	52.125000
12102.070071	52.062500
12107.402694	52.062500
12115.861505	51.929688
12121.196311	51.742188
12129.653746	51.687500
12134.990729	51.687500
12143.446792	51.570312
12148.785948	51.414062
12157.240641	51.375000
12162.581963	51.375000
12171.035289	51.296875
12176.378772	51.179688
12184.830733	51.156250
12190.176373	51.156250
12198.626972	51.109375
12203.974762	51.023438
12212.424002	51.000000
12217.773938	51.000000
12226.221820	50.945312
12231.573897	50.843750
12240.020425	50.796875
12245.374637	50.796875
12253.819813	50.703125
12259.176155	50.585938
12267.619981	50.539062
12272.978449	50.539062
12278.342722	50.515625
12286.781515	50.429688
12292.147900	50.429688
12300.585352	50.398438
12305.953844	50.554688
12314.389956	50.515625
12319.760550	50.515625
12328.195326	50.500000
12333.568016	50.820312
12342.001458	50.812500
12347.376240	50.812500
12355.808351	50.812500
12361.185218	51.203125
12369.616001	51.210938
12374.994949	51.210938
12383.424405	51.226562
12388.805431	51.593750
12397.233562	51.632812
12402.616659	51.632812
12411.043469	51.671875
12416.428633	51.984375
12424.854124	52.070312
12430.241349	52.070312
12438.665523	52.125000
12444.054805	52.382812
12452.477665	52.492188
12457.868999	52.492188
12466.290547	52.546875
12471.683928	52.718750
12480.104166	52.804688
12485.499590	52.804688
12493.918521	52.820312
12499.315981	52.882812
12507.733608	52.890625
12513.133101	52.890625
12521.549425	52.859375
12526.950946	52.828125
12535.365970	52.773438
12540.769514	52.773438
12549.183240	52.703125
12554.588803	52.656250
12560.000000	52.656250
12568.408809	52.546875
12573.822012	52.531250
12582.229532	52.453125
12587.644736	52.453125
12596.050968	52.289062
12601.468168	52.367188
12609.873116	52.281250
12615.292307	52.281250
12623.695972	52.117188
12629.117150	52.281250
12637.519535	52.210938
12642.942695	52.210938
12651.343802	52.070312
12656.768940	52.218750
12665.168771	52.156250
12670.595882	52.156250
12678.994440	52.031250
12684.423519	52.031250
12692.820805	51.976562
12698.251848	51.976562
12706.647866	51.859375
12712.080868	51.726562
12720.475620	51.695312
12725.910576	51.695312
12734.304064	51.625000
12739.740971	51.437500
12748.133197	51.429688
12753.572049	51.429688
12761.963015	51.421875
12767.403808	51.257812
12775.793517	51.273438
12781.236247	51.273438
12789.624701	51.312500
12795.069363	51.218750
12803.456565	51.257812
12808.903154	51.257812
12817.289105	51.343750
12822.737617	51.390625
12831.122320	51.468750
12836.572751	51.468750
12842.028656	51.609375
12850.408554	51.828125
12855.866365	51.828125
12864.245023	51.937500
12869.704736	52.257812
12878.082155	52.554688
12883.543767	52.554688
12891.919950	52.687500
12897.383456	53.218750
12905.758405	53.531250
12911.223799	53.531250
12919.597517	53.664062
12925.064797	54.179688
12933.437285	54.609375
12938.906445	54.609375
12947.277706	54.695312
12952.748743	55.398438
12961.118779	55.398438
12966.591688	55.398438
12974.960501	55.429688
12980.435278	55.796875
12988.802870	55.546875
12994.279511	55.546875
13002.645885	55.335938
13008.124384	55.117188
13016.489542	54.554688
13021.969897	54.554688
13030.333841	54.257812
13035.816047	53.671875
13044.178778	53.085938
13049.662831	53.085938
13058.024353	52.851562
13063.510248	52.328125
13071.870562	51.960938
13077.358296	51.960938
13085.717405	51.835938
13091.206973	51.507812
13099.564878	51.312500
13105.056276	51.312500
13110.553001	51.085938
13118.906204	51.015625
13124.404748	51.015625
13132.756756	50.875000
13138.257114	50.703125
13146.607928	50.640625
13152.110097	50.640625
13160.459718	50.515625
13165.963694	50.406250
13174.312126	50.359375
13179.817905	50.359375
13188.165149	50.273438
13193.672726	50.250000
13202.018785	50.242188
13207.528156	50.242188
13215.873032	50.226562
13221.384194	50.250000
13229.727888	50.273438
13235.240836	50.273438
13243.583352	50.328125
13249.098083	50.375000
13257.439421	50.421875
13262.955930	50.421875
13271.296093	50.507812
13276.814377	50.539062
13285.153368	50.585938
13290.673422	50.585938
13299.011241	50.671875
13304.533062	50.632812
13312.869713	50.656250
13318.393296	50.656250
13326.728781	50.710938
13332.254123	50.585938
13340.588443	50.601562
13346.115540	50.601562
13354.448697	50.640625
13359.977545	50.523438
13368.309542	50.554688
13373.840137	50.554688
13382.170975	50.625000
13387.703313	50.593750
13393.240833	50.593750
13401.567073	50.648438
13407.106325	50.718750
13415.431413	50.835938
13420.972394	50.835938
13429.296333	50.890625
13434.839039	51.031250
13443.161830	51.140625
13448.706257	51.140625
13457.027904	51.171875
13462.574048	51.343750
13470.894551	51.398438
13476.442409	51.398438
13484.761770	51.398438
13490.311338	51.523438
13498.629560	51.500000
13504.180834	51.500000
13512.497919	51.476562
13518.050895	51.492188
13526.366844	51.421875
13531.921519	51.421875
13540.236335	51.421875
13545.792705	51.367188
13554.106389	51.375000
13559.664450	51.375000
13567.977005	51.460938
13573.536754	51.390625
13581.848181	51.562500
13587.409613	51.562500
13595.719915	51.734375
13601.283028	51.585938
13609.592205	51.859375
13615.156995	51.859375
13623.465051	52.015625
13629.031514	51.671875
13637.338450	51.867188
13642.906582	51.867188
13651.212400	51.953125
13656.782198	51.468750
13665.086901	51.531250
13670.658360	51.531250
13676.234862	51.117188
13684.535067	51.109375
13690.113221	51.109375
13698.412317	51.101562
13703.992119	50.789062
13712.290108	50.781250
13717.871555	50.781250
13726.168438	50.757812
13731.751527	50.578125
13740.047307	50.609375
13745.632033	50.609375
13753.926712	50.664062
13759.513073	50.640625
13767.806652	50.734375
13773.394643	50.734375
13781.687125	50.929688
13787.276743	51.031250
13795.568129	51.171875
13801.159372	51.171875
13809.449663	51.460938
13815.042526	51.695312
13823.331726	51.851562
13828.926206	51.851562
13837.214315	52.156250
13842.810408	52.554688
13851.097429	52.671875
13856.695133	52.382812
13864.981067	52.492188
13870.580377	52.492188
13878.865227	52.492188
13884.466140	52.492188
13892.749908	52.492188
13898.352420	51.867188
13906.635107	51.546875
13912.239216	51.546875
13920.520824	51.546875
13926.126525	51.546875
13934.407056	51.546875
13940.014347	52.507812
13948.293802	52.718750
13953.902680	52.718750
13959.516467	52.718750
13967.791522	52.718750
13973.406886	55.828125
13981.680872	55.828125
13987.297809	55.828125
13995.570728	54.687500
14001.189235	54.687500
14009.461089	54.687500
14015.081163	55.500000
14023.351953	55.500000
14028.973590	55.500000
14037.243319	56.898438
14042.866516	56.898438
14051.135185	56.898438
14056.759940	59.187500
14065.027551	59.187500
14070.653858	59.187500
14078.920413	60.937500
14084.548271	60.937500
14092.813772	60.937500
14098.443176	61.562500
14106.707624	61.562500
14112.338573	61.562500
14120.601970	61.648438
14126.234459	61.648438
14134.496807	61.648438
14140.130834	62.117188
14148.392135	62.117188
14154.027695	62.117188
14162.287951	62.039062
14167.925042	62.039062
14176.184254	62.039062
14181.822873	62.140625
14190.081043	62.140625
14195.721186	62.140625
14203.978316	62.140625
14209.619981	62.140625
14217.876072	62.140625
14223.519255	61.796875
14231.774310	61.796875
14237.419008	61.796875
14243.068490	61.796875
14251.319237	61.578125
14256.970225	61.578125
14265.219942	61.578125
14270.872433	61.578125
14279.121121	61.578125
14284.775112	61.578125
14293.022773	61.710938
14298.678261	62.671875
14306.924897	62.671875
14312.581877	62.671875
14320.827490	62.671875
14326.485961	62.671875
14334.730552	62.023438
14340.390511	61.867188
14348.634081	61.867188
14354.295524	61.867188
14362.538077	61.867188
14368.201001	61.867188
14376.442536	61.023438
14382.106939	60.953125
14390.347459	60.953125
14396.013337	60.953125
14404.252844	60.953125
14409.920194	60.953125
14418.158690	60.960938
14423.827509	60.578125
14432.064994	60.578125
14437.735279	60.578125
14445.971757	60.578125
14451.643505	60.578125
14459.878976	61.062500
14465.552184	61.773438
14473.786650	61.773438
14479.461316	61.773438
14487.694779	61.929688
14493.370898	61.929688
14501.603360	61.929688
14507.280931	62.039062
14512.963171	62.039062
14521.191411	62.039062
14526.875094	62.039062
14535.102339	63.296875
14540.787461	63.546875
14549.013712	63.546875
14554.700272	63.546875
14562.925530	63.546875
14568.613524	63.546875
14576.837792	62.859375
14582.527216	62.476562
14590.750495	62.476562
14596.441347	62.476562
14604.663639	62.476562
14610.355916	62.476562
14618.577222	62.679688
14624.270922	62.289062
14632.491244	62.289062
14638.186363	62.289062
14646.405702	62.289062
14652.102238	62.289062
14660.320597	62.750000
