0.000000	37.078125
10.000000	37.078125
20.000000	36.117188
22.360680	36.117188
31.622777	36.117188
41.231056	36.117188
50.990195	31.000000
53.851648	31.000000
63.245553	31.000000
72.801099	31.000000
76.157731	31.000000
85.440037	31.000000
94.868330	31.000000
98.488578	31.000000
107.703296	31.000000
117.046999	33.328125
120.830460	31.000000
130.000000	31.000000
139.283883	31.000000
148.660687	31.000000
152.315462	31.000000
161.554944	31.000000
170.880075	31.000000
174.642492	31.000000
183.847763	31.000000
193.132079	31.000000
196.977156	35.742188
206.155281	35.742188
215.406592	33.960938
224.722051	33.960938
228.473193	33.960938
237.697286	33.960938
246.981781	34.968750
250.798724	34.968750
260.000000	34.968750
269.258240	34.968750
273.130006	34.500000
282.311884	34.843750
291.547595	34.843750
295.465734	34.843750
304.630924	34.843750
313.847097	32.445312
323.109888	31.140625
326.955654	29.460938
336.154726	29.460938
345.398321	29.000000
349.284984	29.000000
358.468967	29.000000
367.695526	29.000000
371.618084	29.000000
380.788655	29.000000
390.000000	29.000000
399.249296	29.000000
403.112887	29.000000
412.310563	29.000000
421.544778	29.000000
425.440948	29.000000
434.626276	29.000000
443.846820	29.000000
447.772264	29.000000
456.946386	29.000000
466.154481	29.000000
470.106371	29.000000
479.270279	29.000000
488.466990	29.000000
497.694686	29.000000
501.597448	29.000000
510.783712	29.000000
520.000000	28.500000
523.927476	28.500000
533.104117	27.742188
542.309875	26.984375
546.260011	26.968750
555.427763	26.890625
564.623769	26.921875
573.846669	26.953125
577.754273	26.937500
586.941224	26.960938
596.154342	26.992188
600.083328	26.976562
609.261848	27.007812
618.465844	27.039062
622.414653	27.015625
631.585307	27.039062
640.780774	26.156250
644.748013	26.359375
653.911309	25.875000
663.098786	25.695312
672.309453	25.828125
676.239603	25.835938
685.419580	25.773438
694.622199	25.671875
698.569968	25.632812
707.742891	25.695312
716.937933	25.593750
720.902213	25.585938
730.068490	25.296875
739.256383	24.953125
748.465096	24.828125
752.396172	24.851562
761.577311	25.000000
770.778827	25.468750
774.725758	25.476562
783.900504	25.781250
793.095202	25.921875
797.057087	25.804688
806.225775	25.984375
815.414005	26.179688
819.390017	26.109375
828.552955	26.164062
837.735042	26.171875
846.935653	26.085938
850.881895	25.937500
860.058138	25.859375
869.252552	25.828125
873.212460	25.710938
882.383137	25.609375
891.571646	25.531250
895.544527	25.468750
904.709898	25.406250
913.892773	25.351562
923.092628	25.375000
927.038295	25.375000
936.215787	25.445312
945.409964	25.500000
949.368211	25.562500
958.540557	25.515625
967.729301	25.375000
971.699542	25.382812
980.866963	24.867188
990.050504	24.304688
994.032193	24.539062
1003.194896	24.546875
1012.373449	24.687500
1021.567423	24.921875
1025.524256	25.187500
1034.698024	25.507812
1043.886967	26.101562
1047.854952	26.187500
1057.024125	26.226562
1066.208235	26.164062
1070.186900	26.046875
1079.351657	25.890625
1088.531120	25.757812
1097.724920	25.703125
1101.680534	25.750000
1110.855526	25.750000
1120.044642	25.765625
1124.010676	25.773438
1133.181362	25.851562
1142.365966	25.968750
1146.342008	25.976562
1155.508546	26.140625
1164.688800	26.265625
1168.674463	26.203125
1177.837001	26.210938
1187.013058	26.132812
1196.202324	26.156250
1200.166655	26.007812
1209.338662	26.062500
1218.523697	26.062500
1222.497444	25.976562
1231.665539	26.000000
1240.846485	26.046875
1244.829306	25.953125
1253.993620	26.000000
1263.170614	25.984375
1272.360012	25.929688
1276.322843	25.820312
1285.496013	25.796875
1294.681428	25.789062
1298.653148	25.546875
1307.822618	25.406250
1317.004176	25.375000
1320.984481	25.117188
1330.150367	25.046875
1339.328190	24.804688
1343.316791	24.601562
1352.479205	24.328125
1361.653407	24.109375
1370.839159	24.101562
1374.809078	23.898438
1383.979769	23.898438
1393.161871	23.851562
1397.139936	23.750000
1406.307221	23.781250
1415.485782	23.796875
1419.471733	23.625000
1428.635713	23.578125
1437.810836	23.453125
1446.996890	23.359375
1450.965196	23.171875
1460.136980	23.218750
1469.319570	23.195312
1473.295625	23.007812
1482.464165	22.976562
1491.643389	22.968750
1495.626959	22.875000
1504.792344	22.898438
1513.968296	22.882812
1517.959156	22.906250
1527.121475	22.921875
1536.294243	22.882812
1545.477273	22.843750
1549.451516	22.937500
1558.621186	23.023438
1567.801008	23.101562
1571.782428	23.218750
1580.949082	23.281250
1590.125781	23.304688
1594.114174	23.359375
1603.277892	23.445312
1612.451550	23.539062
1621.634977	23.625000
1625.607579	23.671875
1634.778272	23.679688
1643.958637	23.640625
1647.938106	23.617188
1657.105911	23.640625
1666.283289	23.640625
1670.269439	23.726562
1679.434429	23.695312
1688.608895	23.710938
1692.601548	23.835938
1701.763791	23.734375
1710.935417	23.609375
1720.116275	23.531250
1724.093965	23.664062
1733.262819	23.507812
1742.440817	23.460938
1746.424920	23.632812
1755.591069	23.593750
1764.766273	23.554688
1768.756625	23.820312
1777.920133	23.757812
1787.092611	24.023438
1796.273921	24.492188
1800.249983	24.609375
1809.419797	24.546875
1818.598361	24.531250
1822.580588	24.554688
1831.747799	24.570312
1840.923681	24.632812
1844.911922	24.632812
1854.076590	24.617188
1863.249849	24.296875
1867.243958	24.179688
1876.406139	24.000000
1885.576835	23.843750
1894.755921	23.484375
1898.736422	23.335938
1907.904610	23.156250
1917.081115	23.125000
1921.067412	22.875000
1930.233147	22.671875
1939.407126	22.750000
1943.399084	22.734375
1952.562419	22.671875
1961.733927	22.476562
1970.913494	22.320312
1974.892402	22.203125
1984.061491	22.007812
1993.238571	21.875000
1997.223072	21.773438
2006.389793	21.585938
2015.564437	21.398438
2019.554406	21.179688
2028.718808	20.843750
2037.891067	20.601562
2041.886383	20.484375
2051.048512	20.476562
2060.218435	20.429688
2069.396047	20.015625
2073.378885	19.929688
2082.546518	19.750000
2091.721779	19.546875
2095.709904	19.460938
2104.875293	19.343750
2114.048249	19.289062
2118.041548	19.359375
2127.204739	19.164062
2136.375435	18.820312
2145.553542	18.367188
2149.534833	18.382812
2158.703314	17.820312
2167.879148	17.234375
2171.865558	17.234375
2181.031866	16.531250
2190.205470	15.742188
2194.196892	15.593750
2203.361069	14.796875
2212.532486	14.296875
2216.528818	14.203125
2225.690904	13.929688
2234.860175	13.617188
2244.036542	13.179688
2248.021352	13.203125
2257.188517	12.960938
2266.362725	12.937500
2270.352396	13.031250
2279.517493	12.656250
2288.689581	12.101562
2292.684017	12.132812
2301.847084	11.867188
2311.017092	12.382812
2320.193957	13.515625
2324.177274	14.281250
2333.345238	14.812500
2342.520011	15.984375
2346.508044	16.070312
