0.000000	35.562500
10.000000	35.562500
14.142136	35.007812
22.360680	34.687500
28.284271	34.687500
36.055513	34.687500
42.426407	34.687500
50.000000	33.570312
56.568542	33.570312
64.031242	33.570312
70.710678	33.218750
78.102497	33.218750
84.852814	33.218750
92.195445	32.226562
100.000000	32.226562
106.301458	32.226562
114.017543	32.226562
120.415946	31.046875
128.062485	30.828125
134.536240	30.828125
142.126704	30.828125
150.000000	30.828125
156.204994	30.828125
164.012195	32.679688
170.293864	30.718750
178.044938	30.718750
184.390889	30.718750
192.093727	30.718750
200.000000	34.210938
206.155281	34.210938
214.009346	34.210938
220.227155	31.828125
228.035085	31.828125
234.307490	31.828125
242.074369	31.828125
248.394847	31.828125
256.124969	31.828125
264.007576	31.828125
270.185122	30.546875
278.028775	26.132812
284.253408	26.132812
292.061637	26.132812
298.328678	26.132812
306.104557	26.132812
314.006369	23.687500
320.156212	24.539062
328.024389	24.539062
334.215499	24.539062
342.052628	24.539062
348.281495	24.539062
356.089876	23.921875
364.005494	23.921875
370.135110	23.921875
378.021163	23.921875
384.187454	23.921875
392.045916	23.898438
398.246155	23.898438
406.078810	23.898438
414.004831	23.898438
420.119031	23.882812
428.018691	24.820312
434.165867	24.820312
442.040722	24.820312
448.218697	24.820312
456.070170	24.820312
464.004310	25.273438
470.106371	24.773438
478.016736	24.773438
484.148737	24.773438
492.036584	24.773438
498.196748	24.773438
506.063237	24.500000
512.249939	23.398438
520.096145	23.398438
528.015151	23.398438
534.134814	23.398438
542.033209	25.476562
548.178803	25.476562
556.057551	25.476562
562.227712	25.070312
570.087713	25.070312
578.013841	25.320312
584.123275	25.320312
592.030405	25.320312
598.163857	25.320312
606.052803	25.320312
612.209115	25.453125
620.080640	29.750000
628.012739	29.750000
634.113554	29.750000
642.028037	29.750000
648.151217	29.750000
656.048779	30.859375
662.193325	30.796875
670.074623	30.796875
678.011799	30.796875
684.105255	30.796875
692.026011	30.609375
698.140387	30.609375
706.045324	30.609375
712.179753	31.648438
720.069441	31.648438
726.223106	31.648438
734.098086	32.109375
742.024258	32.109375
748.131005	32.109375
756.042327	32.109375
762.167960	32.671875
770.064932	30.062500
776.208735	30.062500
784.091831	30.062500
792.022727	30.062500
798.122798	30.062500
806.039701	29.210938
812.157620	29.187500
820.060973	29.187500
826.196103	29.187500
834.086326	29.187500
842.021377	29.492188
848.115558	29.492188
856.037382	29.492188
862.148479	29.210938
870.057469	29.210938
876.184912	29.210938
884.081444	29.687500
892.020179	29.687500
898.109125	29.687500
906.035319	29.687500
912.140340	29.640625
920.054346	29.359375
926.174929	29.359375
934.077085	29.359375
942.019108	29.359375
948.103370	29.359375
956.033472	29.312500
962.133047	27.468750
970.051545	27.468750
976.165969	27.468750
984.073168	27.468750
990.202000	27.468750
998.098192	28.132812
1006.031809	28.132812
1012.126474	27.359375
1020.049018	27.359375
1026.157883	27.359375
1034.069630	29.679688
1040.192290	29.679688
1048.093507	29.679688
1056.030303	29.679688
1062.120520	30.437500
1070.046728	29.648438
1076.150547	29.648438
1084.066419	29.648438
1090.183471	29.648438
1098.089250	29.648438
1106.028933	29.937500
1112.115102	31.609375
1120.044642	31.609375
1126.143863	31.609375
1134.063490	31.609375
1140.175425	31.609375
1148.085363	31.601562
1156.027681	31.601562
1162.110150	30.148438
1170.042734	30.148438
1176.137747	30.148438
1184.060809	29.031250
1190.168055	29.031250
1198.081800	29.031250
1204.200980	31.992188
1212.105606	31.992188
1220.040983	31.859375
1226.132130	31.859375
1234.058345	31.859375
1240.161280	25.179688
1248.078523	25.132812
1254.192968	13.078125
1262.101422	12.968750
1268.227109	12.632812
1276.126953	12.515625
1282.263623	12.054688
1288.448680	11.070312
1296.302434	10.226562
1302.497601	8.531250
1308.739852	7.812500
1315.028517	7.882812
1322.800060	8.273438
1329.097438	8.796875
1335.440002	8.617188
1343.167897	8.351562
1349.518433	8.273438
1355.912977	8.031250
1363.598181	7.648438
1370.000000	6.812500
1376.444696	6.679688
1382.931669	6.820312
1390.539464	6.515625
1397.032569	6.250000
1403.566885	5.929688
1411.134296	6.203125
1417.674152	6.164062
1424.254191	5.625000
1431.782106	5.351562
1438.367130	5.726562
1444.991349	5.632812
1452.480637	5.687500
1459.109317	5.195312
1465.776245	5.132812
1472.480900	5.335938
1479.898645	5.320312
1486.606875	5.062500
1493.351934	4.703125
1500.733154	4.687500
1507.481343	5.046875
1514.265499	5.203125
1521.610988	5.203125
1528.397854	5.304688
1535.219854	5.429688
1542.076522	5.539062
1549.354704	5.585938
1556.213353	6.031250
1563.105883	6.500000
1570.350279	6.742188
1577.244433	7.117188
1584.171708	7.390625
1591.383046	7.515625
1598.311609	7.890625
1605.272563	8.179688
1612.265487	8.335938
1619.413474	8.328125
1626.407083	8.468750
1633.431970	8.671875
1640.548689	8.742188
1647.573974	8.906250
1654.629868	9.078125
1661.715981	9.125000
1668.772004	9.132812
1675.857989	9.140625
1682.914139	9.148438
1690.000000	9.242188
1697.115199	9.312500
1704.259370	9.570312
1711.256848	9.742188
1718.400419	10.039062
1725.572369	10.312500
1732.541486	10.429688
1739.712620	10.554688
1746.911560	10.617188
1753.852901	10.664062
1761.050823	10.656250
1768.275997	10.734375
1775.528090	10.757812
1782.414093	10.789062
1789.664773	10.750000
1796.941847	10.664062
1803.801541	10.648438
1811.077028	10.601562
1818.378398	10.531250
1825.212316	10.546875
1832.511937	10.500000
1839.836949	10.539062
1847.187051	10.640625
1853.968716	10.765625
1861.316738	10.851562
1868.689380	10.960938
1875.446613	11.109375
1882.817038	11.328125
1890.211628	11.453125
1896.944912	11.507812
1904.337155	11.515625
1911.753122	11.609375
1918.462926	11.718750
1925.876424	11.820312
1933.313218	11.914062
1940.773042	12.023438
1947.434209	12.140625
1954.891301	12.203125
1962.371015	12.281250
1969.009903	12.414062
1976.486782	12.687500
1983.985887	12.882812
1990.602924	12.875000
1998.099097	12.976562
2005.617112	13.195312
2013.156725	13.500000
2019.727704	13.468750
2027.264166	13.562500
2034.821860	13.921875
2041.372088	14.109375
2048.926548	14.078125
2056.501884	14.164062
2063.031750	14.273438
2070.603777	14.484375
2078.196333	14.734375
2085.809195	14.992188
2092.295390	15.187500
2099.904760	15.375000
2107.534104	15.617188
2114.000946	15.820312
2121.626734	16.085938
2129.272176	16.265625
2135.720019	16.398438
2143.361845	16.445312
2151.023012	16.343750
2158.703314	16.359375
2165.109697	16.367188
2172.786230	16.468750
2180.481598	16.226562
2186.869909	16.218750
2194.561460	16.195312
2202.271555	16.000000
2208.642117	15.898438
2216.348348	15.945312
2224.072841	16.484375
2230.425968	16.773438
2238.146555	17.648438
2245.885126	18.570312
2253.641498	20.000000
2259.955752	20.351562
2267.708094	22.140625
2275.477972	22.500000
2281.775624	22.500000
2289.541439	24.000000
2295.844071	24.000000
2303.605869	24.000000
2309.913418	24.000000
2317.671245	24.000000
2323.983649	24.000000
2331.737550	24.000000
2338.054747	24.000000
2345.804766	24.000000
2352.126697	24.000000
2359.872878	24.000000
2366.199484	24.000000
2373.941870	24.000000
2380.273094	24.000000
2386.629422	24.000000
2394.347510	24.000000
2400.708229	24.000000
2408.422720	24.000000
2414.787775	24.000000
2422.498710	24.000000
2428.868049	24.000000
2436.575466	24.000000
2442.949038	24.000000
2450.652974	24.000000
2457.030728	24.000000
2464.731223	24.000000
2471.113110	24.000000
2478.810198	24.000000
2485.196169	24.000000
2492.889889	24.000000
2499.279896	24.000000
2506.970283	24.000000
2513.364279	24.000000
2519.781737	24.000000
2527.449307	24.000000
2533.870557	24.000000
2541.534969	24.000000
2547.959968	24.000000
2555.621255	24.000000
2562.049960	24.000000
2569.708155	24.000000
2576.140524	24.000000
2583.795658	24.000000
2590.231650	24.000000
2597.883754	24.000000
2604.323329	24.000000
2611.972435	24.000000
2618.415551	24.000000
2626.061690	24.000000
2632.508310	24.000000
2638.977075	24.000000
2646.601594	24.710938
2653.073689	24.820312
2660.695398	25.921875
2667.170786	26.515625
2674.789711	28.039062
2681.268357	28.851562
2688.884527	28.992188
2695.366394	28.468750
2702.979837	28.468750
2709.464892	28.468750
2717.075634	28.468750
2723.563842	28.468750
2731.171910	29.296875
2737.663237	29.609375
2745.268657	29.609375
2751.763071	29.609375
2759.365869	29.609375
2765.863337	29.609375
2772.381648	31.468750
2779.964029	32.312500
2786.485241	32.312500
2794.065139	32.312500
2800.589224	32.312500
2808.166662	32.312500
2814.693589	28.703125
2822.268591	28.843750
2828.798331	28.843750
2836.370921	28.843750
2842.903445	28.843750
2850.473645	28.843750
2857.008925	28.351562
2864.576758	29.062500
2871.114766	29.062500
2878.680253	29.187500
2885.220962	29.187500
2891.781458	29.000000
2899.327508	29.000000
2905.890569	29.000000
2913.434399	29.000000
2920.000000	29.000000
2927.541631	29.000000
2934.109746	29.601562
2941.649197	29.882812
2948.219802	28.906250
2955.757094	28.929688
2962.330164	27.976562
2969.865317	27.648438
2976.440828	27.132812
2983.973860	26.828125
2990.551789	26.500000
2998.082721	26.367188
3004.663043	26.039062
3011.262194	26.031250
3018.774586	26.140625
3025.376010	26.187500
3032.886414	26.468750
3039.490089	26.679688
3046.998523	27.023438
3053.604428	27.593750
3061.110909	28.250000
3067.719022	28.898438
3075.223569	28.679688
3081.833870	28.679688
3089.336498	28.679688
3095.948966	28.750000
3103.449693	28.750000
3110.064308	28.750000
3117.563151	30.007812
3124.179892	30.007812
3131.676867	30.007812
3138.295716	29.757812
3144.932432	29.757812
3152.411775	29.757812
3159.050490	29.757812
3166.528067	31.257812
3173.168763	31.093750
3180.644589	31.093750
3187.287248	31.093750
3194.761337	31.093750
3201.405941	31.093750
3208.878309	30.703125
3215.524841	30.539062
3222.995501	30.539062
3229.643943	30.539062
3237.112911	30.539062
3243.763247	30.539062
3251.230536	30.859375
3257.882748	30.773438
3264.552037	30.773438
3272.002445	30.773438
3278.673512	30.773438
3286.122335	30.773438
3292.795165	30.937500
3300.242415	32.500000
3306.916993	32.500000
3314.362684	32.500000
3321.038994	32.500000
3328.483138	32.500000
3335.161166	30.828125
3342.603776	30.882812
3349.283505	30.882812
3356.724594	30.882812
3363.406012	29.898438
3370.845591	29.718750
3377.528682	28.828125
3384.228125	28.179688
3391.651515	28.179688
3398.352542	27.523438
3405.774508	27.523438
3412.477106	27.257812
3419.897659	27.750000
3426.601815	29.492188
3434.020967	30.351562
3440.726667	30.929688
3448.144429	30.929688
3454.851661	31.210938
3462.268043	31.210938
3468.976794	31.210938
3476.391808	30.398438
3483.102066	30.398438
3490.515721	30.398438
3497.227473	31.140625
3504.639782	31.140625
3511.353016	31.140625
3518.081864	36.750000
3525.478691	34.929688
3532.208941	39.679688
3539.604498	39.679688
3546.336137	39.679688
3553.730434	39.679688
3560.463453	44.062500
3567.856499	43.289062
3574.590886	43.289062
3581.982691	43.289062
3588.718434	43.289062
3596.109008	43.289062
3602.846097	45.242188
