0.000000	36.046875
10.000000	36.046875
10.000000	35.531250
14.142136	32.531250
22.360680	31.000000
28.284271	28.000000
36.055513	25.710938
42.426407	25.710938
50.000000	25.531250
56.568542	22.648438
64.031242	21.500000
70.710678	18.500000
78.102497	18.500000
84.852814	15.382812
92.195445	12.218750
98.994949	9.835938
106.301458	8.296875
113.137085	4.039062
120.415946	3.210938
127.279221	2.421875
134.536240	1.617188
141.421356	0.843750
148.660687	-0.179688
155.563492	-0.656250
162.788206	-2.734375
169.705627	-2.789062
176.918060	-4.164062
184.390889	-5.429688
191.049732	-4.500000
198.494332	-5.359375
205.182845	-4.210938
212.602916	-4.835938
219.317122	-3.617188
226.715681	-3.937500
233.452351	-3.046875
240.831892	-4.320312
248.394847	-6.210938
254.950976	-6.304688
262.488095	-6.437500
269.072481	-6.500000
276.586334	-6.601562
283.196045	-6.656250
290.688837	-6.734375
298.328678	-6.820312
304.795013	-6.882812
312.409987	-6.953125
318.904374	-7.007812
326.496554	-7.054688
333.016516	-7.101562
340.587727	-7.132812
347.131099	-7.179688
354.682957	-7.187500
362.353419	-7.414062
368.781778	-7.414062
376.430604	-7.234375
382.883794	-7.281250
390.512484	-7.281250
396.988665	-7.312500
404.598566	-7.335938
412.310563	-7.335938
418.688428	-7.382812
426.380112	-7.359375
432.781700	-7.382812
440.454311	-6.281250
446.878059	-2.781250
454.532727	-1.351562
462.276973	0.398438
468.614981	0.812500
476.340215	4.437500
482.700735	6.187500
490.407993	7.585938
496.789694	7.695312
504.479930	8.367188
510.881591	8.570312
518.555686	9.218750
526.307895	9.742188
532.634959	9.867188
540.370243	10.265625
546.717477	10.437500
554.436651	11.296875
560.802996	11.828125
568.506816	12.632812
576.281181	12.226562
582.580467	12.257812
590.338886	11.921875
596.657356	12.023438
604.400529	12.171875
610.737259	12.335938
618.465844	12.828125
624.819974	12.992188
632.534584	12.992188
640.312424	13.085938
646.606526	13.148438
654.369926	13.398438
660.681466	13.445312
668.430999	13.679688
674.759216	13.695312
682.495421	13.468750
690.289794	13.429688
696.562991	13.367188
704.343666	13.406250
710.633520	13.382812
718.401002	13.929688
724.706837	13.835938
732.461603	13.750000
738.782783	13.640625
746.525284	13.476562
754.320887	13.343750
760.591875	13.265625
768.374908	13.531250
774.661216	13.539062
782.432106	13.789062
788.733161	13.718750
796.492310	13.734375
804.300939	13.734375
810.555365	13.687500
818.352003	13.718750
824.621125	13.671875
832.406151	13.710938
838.689454	13.718750
846.463230	13.648438
852.760224	13.750000
860.523097	13.734375
868.331734	13.679688
874.585616	13.695312
882.383137	13.710938
888.650663	13.734375
896.437393	13.804688
902.718118	13.671875
910.494371	13.945312
918.313672	14.062500
924.553947	13.984375
932.362590	14.046875
938.616002	13.960938
946.414286	13.851562
952.680429	13.765625
960.468636	13.656250
968.297475	13.656250
974.525526	13.546875
982.344135	13.406250
988.584847	13.304688
996.393497	13.226562
1002.646498	13.132812
1010.445446	13.148438
1016.710382	13.062500
1024.499878	13.007812
1032.327467	13.109375
1038.556691	13.054688
1046.374694	13.617188
1052.615789	13.593750
1060.424443	13.992188
1066.677083	14.046875
1074.476617	14.507812
1082.312339	14.851562
1088.531120	14.984375
1096.357606	15.382812
1102.587865	15.460938
1110.405331	15.492188
1116.646766	15.476562
1124.455424	15.812500
1130.707743	15.843750
1138.507795	18.500000
1146.342008	18.500000
1152.562363	18.500000
1160.387866	18.500000
1166.619047	18.500000
1174.436035	18.500000
1180.677771	18.500000
1188.486432	18.500000
1196.327714	18.500000
1202.538981	18.500000
1210.371844	18.500000
1216.593605	18.500000
1224.418229	18.500000
1230.650235	18.500000
1238.466794	18.500000
1244.708801	18.500000
1252.517465	18.500000
1260.357092	18.500000
1266.570172	18.500000
1274.401820	18.367188
1280.624847	18.460938
1288.448680	18.367188
1294.681428	18.468750
1302.497601	18.328125
1310.343466	18.304688
1316.548518	18.398438
1324.386650	18.468750
1330.601368	18.500000
1338.431918	18.382812
1344.656090	18.492188
1352.479205	18.312500
1358.712626	18.382812
1366.528448	18.265625
1372.770920	18.296875
1380.579588	18.375000
1386.830920	18.351562
1394.632568	18.500000
1400.892573	18.492188
1408.687332	18.687500
1414.955830	18.617188
1422.743828	18.554688
1429.020644	18.593750
1436.802004	18.609375
1443.086969	18.804688
1450.861813	27.218750
1457.154762	27.218750
1464.923206	27.218750
1471.223980	27.218750
1478.986139	27.218750
1485.294584	18.812500
1493.050568	25.726562
1499.366533	25.726562
1507.116452	25.726562
1513.439791	29.742188
1521.183750	29.742188
1527.514321	29.742188
1535.252422	28.773438
1541.590088	28.773438
1549.322433	28.773438
1555.667059	31.148438
1563.393744	31.148438
1569.745202	31.148438
1577.466323	31.226562
1583.824485	31.226562
1591.540135	31.226562
1599.281088	31.226562
1605.615147	33.117188
1613.350551	32.531250
1619.691329	32.531250
1627.421273	32.531250
1633.768649	32.531250
1641.493223	32.531250
1647.847080	33.773438
1655.566368	34.132812
1661.926593	34.132812
1669.640680	34.132812
1676.007160	34.132812
1683.716128	34.132812
1690.088755	30.570312
1697.792685	27.242188
1704.171353	27.242188
1711.870322	27.242188
1718.254929	27.242188
1725.949014	27.242188
1732.339459	21.500000
1740.028735	19.000000
1746.424920	19.000000
1754.109461	19.000000
1760.511289	19.000000
1768.191166	19.000000
1774.598546	19.000000
1782.273829	19.000000
1788.686669	19.000000
1796.357425	19.000000
1802.775638	19.000000
1810.441935	19.000000
1816.865433	18.406250
1824.527336	18.406250
1830.956034	18.406250
1838.613608	18.398438
1845.047425	18.398438
1852.700731	18.398438
1859.139586	18.390625
1866.788686	18.390625
1873.232500	19.000000
1880.877455	19.000000
1888.544413	19.000000
1896.233108	19.000000
1903.943276	19.000000
1910.314110	19.000000
1918.019812	19.000000
1925.746608	19.000000
1932.097306	19.000000
1939.819579	19.000000
1946.175737	19.000000
1953.893549	19.000000
1960.255085	19.000000
1967.968496	19.000000
1974.335331	19.000000
1982.044399	19.000000
1989.773856	19.000000
1996.121239	19.000000
2003.846301	19.000000
2010.198995	19.000000
2017.919721	19.000000
2024.277649	19.000000
2031.994094	19.000000
2038.357182	19.000000
2046.069403	18.898438
2053.801354	18.742188
2060.145626	18.648438
2067.873304	18.531250
2074.222746	18.539062
2081.946205	18.500000
2088.300745	18.531250
2096.020038	18.515625
2102.379604	18.578125
2110.094785	18.546875
2116.459307	18.539062
2124.170426	18.429688
2131.900561	18.257812
2138.246946	18.171875
2145.972973	18.007812
2152.324325	17.914062
2160.046296	17.757812
2166.402548	17.625000
2174.120512	17.531250
2180.481598	17.492188
2188.195604	17.375000
2195.928050	17.265625
2202.271555	17.179688
2210.000000	17.046875
2216.348348	15.570312
2224.072841	15.109375
2230.425968	15.078125
2238.146555	15.031250
2244.504400	15.007812
2252.221126	15.046875
2258.583627	14.953125
2266.296538	14.804688
2274.027265	14.625000
2280.372777	14.445312
2288.099648	14.265625
2294.449825	14.093750
2302.172887	13.921875
2308.527669	13.710938
2316.246964	13.523438
2322.606295	13.531250
2330.321866	13.437500
2336.685687	13.406250
2344.397577	13.234375
2352.126697	12.976562
2358.474083	12.929688
2366.199484	12.960938
2372.551369	12.882812
2380.273094	12.835938
2386.629422	12.703125
2394.347510	12.398438
2400.708229	12.171875
2408.422720	11.945312
2414.787775	11.859375
2422.498710	11.781250
2430.226327	11.585938
2436.575466	11.632812
2444.299491	11.593750
2450.652974	11.507812
2458.373446	11.296875
2464.731223	11.046875
2472.448179	10.882812
2478.810198	10.671875
2486.523678	10.554688
2494.253395	10.460938
2500.599928	10.320312
2508.326135	10.132812
2514.676918	9.921875
2522.399651	9.796875
2528.754634	9.664062
2536.473930	9.460938
2542.833066	9.179688
2550.548961	8.882812
2556.912200	8.562500
2564.624729	8.265625
2572.353008	7.859375
2578.701223	7.398438
2586.426106	6.851562
2592.778432	6.343750
2600.499952	6.125000
2606.856344	5.851562
2614.574535	5.710938
2620.934948	5.492188
2628.649844	5.296875
2635.014231	5.015625
2642.725865	4.781250
2650.452792	4.640625
2656.802590	4.468750
2664.526224	4.500000
2670.880005	4.468750
2678.600381	4.585938
2684.958100	4.531250
2692.675250	4.617188
2699.036865	4.414062
2706.750820	4.304688
2714.479692	4.148438
2720.827080	3.687500
2728.552730	3.289062
2734.904020	3.101562
2742.626478	2.875000
2748.981630	2.718750
2756.700927	2.507812
2763.059898	2.070312
2770.776065	1.414062
2778.506793	1.203125
2784.851881	1.203125
2792.579453	1.101562
2798.928366	1.054688
2806.652811	1.140625
2813.005510	1.328125
2820.726857	1.664062
2827.083303	1.765625
2834.801580	1.937500
2841.161734	2.148438
2848.876972	3.023438
2856.606378	3.007812
2862.953021	2.742188
2870.679362	3.453125
2877.029718	3.960938
2884.753022	4.179688
2891.107054	3.742188
2898.827349	3.054688
2905.185020	2.546875
2912.902333	2.273438
2920.633493	2.281250
2926.977964	1.671875
2934.706118	1.179688
2941.054233	0.976562
2948.779409	0.828125
2955.131131	0.843750
2962.853354	0.921875
2969.208649	1.125000
2976.927947	0.945312
2984.660785	0.960938
2991.003176	1.093750
2998.733066	1.117188
3005.079034	1.234375
3012.806001	1.328125
3019.155511	1.468750
3026.879581	1.664062
3033.232599	2.320312
3040.953798	3.523438
3048.688243	5.226562
3055.028641	6.656250
3062.760193	7.453125
3069.104104	8.203125
3076.832787	8.906250
3083.180176	9.718750
3090.906016	10.679688
3097.256851	11.796875
3104.979871	12.804688
3111.334119	23.007812
3119.054344	23.007812
3125.411973	23.007812
3133.129426	21.031250
3139.490405	20.273438
3147.205109	20.273438
3153.569406	20.273438
3161.281386	20.273438
3167.648970	20.273438
3175.358248	20.867188
3181.729090	21.578125
3189.435687	21.578125
3195.809757	21.578125
3203.513696	21.578125
3209.890964	21.578125
3217.592268	21.476562
