0.000000	50.929688
10.000000	46.687500
14.142136	45.812500
22.360680	45.812500
28.284271	45.812500
36.055513	45.812500
44.721360	43.906250
50.000000	43.906250
58.309519	43.906250
67.082039	43.906250
72.111026	44.062500
80.622577	43.726562
89.442719	43.726562
94.339811	43.726562
102.956301	43.726562
111.803399	43.242188
116.619038	43.242188
125.299641	43.242188
134.164079	43.242188
138.924440	43.507812
147.648231	43.406250
156.524758	43.406250
161.245155	43.406250
170.000000	43.382812
174.928557	42.960938
183.575598	41.820312
192.353841	40.781250
197.230829	40.460938
205.912603	39.484375
214.709106	38.500000
219.544984	37.039062
228.254244	35.179688
237.065392	32.343750
241.867732	31.062500
250.599282	29.687500
259.422435	29.000000
264.196896	29.000000
272.946881	29.000000
281.780056	29.000000
286.530976	29.000000
295.296461	29.000000
304.138127	29.000000
308.868904	29.000000
317.647603	29.000000
322.490310	29.000000
331.209903	29.000000
340.000000	29.000000
344.818793	29.000000
353.553391	29.000000
362.353419	39.406250
367.151195	39.406250
375.898923	39.406250
384.707681	39.546875
389.486842	39.476562
398.246155	39.476562
407.062649	39.476562
411.825206	39.476562
420.594817	38.867188
429.418211	38.867188
434.165867	38.867188
442.944692	38.867188
451.774280	37.757812
456.508488	37.828125
465.295605	37.828125
470.106371	37.828125
478.852796	37.828125
487.647414	36.750000
492.442890	36.750000
501.198563	36.750000
510.000000	36.750000
514.781507	37.140625
523.545605	36.382812
532.353266	36.382812
537.121960	36.382812
545.893763	36.382812
554.707130	35.687500
559.464029	35.687500
568.242906	35.687500
577.061522	35.687500
581.807528	34.843750
590.592922	34.453125
595.399026	29.000000
604.152299	29.000000
612.943717	30.023438
617.737808	30.054688
626.498204	31.296875
635.295207	32.539062
640.078120	32.734375
648.845128	34.539062
657.647322	34.304688
662.419806	34.132812
671.192968	33.109375
680.000000	32.867188
684.762733	32.851562
693.541635	32.859375
702.353188	33.117188
707.106781	33.257812
715.891053	33.625000
724.706837	33.929688
729.451849	33.898438
738.241153	34.179688
743.034320	34.203125
751.797845	34.460938
760.591875	34.890625
765.375725	33.000000
774.144689	33.000000
782.943165	33.000000
787.718224	33.000000
796.492310	33.000000
805.294977	33.000000
810.061726	33.000000
818.840644	33.000000
827.647268	33.000000
832.406151	33.000000
841.189634	33.000000
850.000000	33.000000
854.751426	33.000000
863.539229	33.000000
872.353140	33.000000
877.097486	32.609375
885.889384	31.390625
890.673902	31.445312
899.444273	31.539062
908.240056	31.460938
913.016977	31.109375
921.791734	30.515625
930.591210	30.062500
935.360893	29.664062
944.139820	29.210938
952.942810	28.835938
957.705592	28.484375
966.488489	28.054688
975.294827	27.554688
980.051019	27.179688
988.837702	26.765625
997.647232	26.492188
1002.397127	26.289062
1011.187421	25.898438
1020.000000	25.523438
1024.743870	25.304688
1033.537614	25.085938
1038.315944	24.890625
1047.091209	24.460938
1055.888252	24.062500
1060.660172	23.812500
1069.439105	23.601562
1078.239306	23.585938
1083.005078	23.578125
1091.787525	23.351562
1100.590750	23.148438
1105.350623	23.093750
1114.136437	22.773438
1122.942563	22.421875
1127.696768	22.351562
1136.485812	22.187500
1145.294722	22.273438
1150.043477	22.312500
1158.835623	22.257812
1167.647207	22.203125
1172.390720	22.148438
1181.185845	21.882812
1190.000000	21.656250
1194.738465	21.593750
1203.536456	21.335938
1208.304597	21.281250
1217.086685	21.070312
1225.887434	20.835938
1230.650235	20.742188
1239.435355	20.476562
1248.238759	20.156250
1252.996409	19.984375
1261.784451	19.601562
1270.590414	19.218750
1275.343091	18.976562
1284.133949	18.539062
1292.942381	18.078125
1297.690256	17.765625
1306.483831	17.289062
1315.294644	16.820312
1320.037878	16.468750
1328.834075	16.093750
1337.647188	15.757812
1342.385936	15.453125
1351.184665	15.187500
1360.000000	15.000000
1364.734406	14.765625
1373.535584	14.554688
1378.296049	14.343750
1387.083271	14.078125
1395.886815	13.812500
1400.642710	13.609375
1409.432510	13.421875
1418.238344	13.156250
1422.989810	12.976562
1431.782106	12.765625
1440.590157	12.570312
1445.337331	12.414062
1454.132044	12.210938
1462.942241	12.101562
1467.685252	12.000000
1476.482306	11.960938
1485.294584	11.914062
1490.033557	11.773438
1498.832879	11.734375
1507.647174	11.835938
1512.382227	11.757812
1521.183750	11.695312
1530.000000	11.593750
1534.731247	11.406250
1543.534904	11.234375
1548.289379	10.929688
1557.080602	10.898438
1565.886330	11.039062
1570.636814	10.835938
1579.430277	10.320312
1588.238017	11.031250
1592.984620	11.757812
1601.780260	13.867188
1610.589954	14.687500
1615.332783	15.093750
1624.130537	14.968750
1632.942130	14.625000
1637.681288	14.484375
1646.481096	14.078125
1655.294536	13.914062
1660.030120	13.867188
1668.831927	13.710938
1677.647162	12.921875
1682.379268	12.585938
1691.183018	12.226562
1700.000000	12.054688
1704.728717	11.906250
1713.534359	12.390625
1718.284028	13.015625
1727.078458	14.617188
1735.885941	15.671875
1740.632069	16.398438
1749.428478	18.000000
1758.237754	19.601562
1762.980431	20.492188
1771.778767	21.343750
1780.589790	22.437500
1785.329101	23.210938
1794.129315	23.593750
1802.942040	24.007812
1807.678069	27.976562
1816.480113	29.671875
1825.294497	30.117188
1830.027322	30.328125
1838.831150	30.773438
1847.647152	33.015625
1852.376852	43.007812
1861.182420	43.007812
1870.000000	39.929688
1874.726647	39.929688
1883.533913	39.929688
1888.279640	39.117188
1897.076699	39.117188
1905.885621	39.343750
1910.628169	39.343750
1919.426998	39.343750
1928.237537	39.343750
1932.976979	39.343750
1941.777536	39.656250
1950.589654	39.656250
1955.326060	39.656250
1964.128305	39.656250
1972.941966	40.039062
1977.675403	40.039062
1986.479298	40.039062
1995.294464	40.039062
2000.025000	40.039062
2008.830506	40.406250
2017.647145	40.406250
2022.374842	41.062500
2031.181922	41.062500
2040.000000	41.257812
2044.724920	41.257812
2053.533540	41.257812
2058.275978	41.257812
2067.075228	41.257812
2075.885353	41.453125
2080.624906	39.820312
2089.425758	39.820312
