0.000000	56.187500
10.000000	56.953125
10.000000	58.023438
14.142136	58.023438
22.360680	58.023438
28.284271	58.023438
36.055513	54.476562
42.426407	54.046875
50.000000	54.046875
56.568542	54.046875
64.031242	54.046875
70.710678	54.046875
78.102497	51.906250
86.023253	51.906250
92.195445	52.250000
100.000000	52.250000
106.301458	52.250000
114.017543	50.851562
120.415946	50.851562
128.062485	50.851562
136.014705	50.851562
142.126704	51.789062
150.000000	52.843750
156.204994	52.843750
164.012195	52.843750
170.293864	52.843750
178.044938	52.843750
186.010752	56.117188
192.093727	57.164062
200.000000	56.867188
206.155281	55.359375
214.009346	54.601562
220.227155	54.601562
228.035085	54.164062
236.008474	53.281250
242.074369	51.718750
250.000000	51.273438
256.124969	51.273438
264.007576	50.390625
270.185122	49.062500
278.028775	48.664062
286.006993	47.859375
292.061637	45.695312
300.000000	43.523438
306.104557	43.492188
314.006369	43.492188
320.156212	43.453125
328.024389	43.453125
336.005952	43.445312
342.052628	43.414062
350.000000	43.406250
356.089876	43.375000
364.005494	43.375000
370.135110	43.164062
378.021163	41.515625
386.005181	39.125000
392.045916	38.429688
400.000000	38.359375
406.078810	38.578125
414.004831	38.976562
420.119031	39.734375
428.018691	40.187500
436.004587	40.539062
442.040722	40.718750
450.000000	40.875000
456.070170	41.093750
464.004310	41.375000
470.106371	41.531250
478.016736	41.757812
486.004115	41.945312
492.036584	42.078125
500.000000	42.312500
506.063237	42.453125
514.003891	42.625000
520.096145	42.765625
528.015151	42.937500
536.003731	42.992188
542.033209	42.968750
550.000000	42.906250
556.057551	42.890625
564.003546	43.062500
570.087713	43.281250
578.013841	43.492188
584.123275	43.554688
592.030405	43.500000
600.000000	43.617188
606.052803	43.859375
614.003257	44.093750
620.080640	44.085938
628.012739	44.140625
634.113554	44.093750
642.028037	44.218750
650.000000	44.382812
656.048779	44.437500
664.003012	44.500000
670.074623	44.453125
678.011799	44.539062
684.105255	44.640625
692.026011	45.062500
700.000000	45.601562
706.045324	45.804688
714.002801	46.085938
720.069441	46.125000
728.010989	46.242188
734.098086	46.250000
742.024258	46.343750
750.000000	46.375000
756.042327	46.335938
764.002618	46.718750
770.064932	46.875000
778.010283	47.023438
784.091831	47.015625
792.022727	47.070312
800.000000	47.070312
806.039701	47.031250
814.002457	46.757812
820.060973	46.898438
828.009662	46.578125
834.086326	47.335938
842.021377	47.335938
850.000000	47.562500
856.037382	47.703125
864.002315	47.328125
870.057469	47.296875
878.009112	47.234375
884.081444	47.562500
892.020179	47.679688
900.000000	47.656250
906.035319	47.718750
914.002188	47.671875
920.054346	47.750000
928.008621	47.695312
934.077085	47.789062
942.019108	47.781250
950.000000	47.492188
956.033472	47.843750
964.002075	47.515625
970.051545	47.875000
978.008180	47.578125
984.073168	47.914062
992.018145	47.703125
1000.000000	47.156250
1006.031809	47.804688
1014.001972	47.156250
1020.049018	44.453125
1028.007782	40.898438
1034.069630	40.875000
1042.017274	40.851562
1050.000000	40.835938
1056.030303	40.843750
1064.001880	40.453125
1070.046728	40.359375
1078.007421	39.515625
1084.066419	39.281250
1092.016483	38.789062
1100.000000	38.468750
1106.028933	38.515625
1114.001795	37.882812
1120.044642	37.093750
1128.007092	35.835938
1134.063490	35.468750
1142.015762	35.062500
1150.000000	35.289062
1156.027681	35.546875
1164.001718	35.171875
1170.042734	34.820312
1178.006791	34.507812
1184.060809	34.257812
1192.015101	33.929688
1200.000000	33.710938
1206.026534	33.585938
1214.001647	33.250000
1220.040983	32.937500
1228.006515	32.625000
1234.058345	32.835938
1242.014493	33.203125
1248.078523	33.234375
1256.025477	33.031250
1264.001582	33.062500
1270.039369	33.273438
1278.006260	33.539062
1284.056074	33.468750
1292.013932	33.390625
1298.075499	33.375000
1306.024502	33.070312
1314.001522	32.890625
1320.037878	33.039062
1328.006024	33.007812
1334.053972	33.093750
1342.013413	33.156250
1348.072698	33.187500
1356.023599	33.093750
1364.001466	32.968750
1370.036496	32.960938
1378.005806	32.734375
1384.052022	32.882812
1392.012931	32.554688
1398.070098	32.750000
1406.022759	32.562500
1414.001414	32.562500
1420.035211	32.750000
1428.005602	32.726562
1434.050208	32.882812
1442.012483	32.750000
1448.067678	32.757812
1456.021978	32.664062
1464.001366	32.773438
1470.034013	32.781250
1478.005413	33.015625
1484.048517	33.000000
1492.012064	33.328125
1498.065419	33.359375
1506.021248	33.648438
1514.001321	33.843750
1520.032894	33.859375
1528.005236	34.054688
1534.046935	34.070312
1542.011673	34.398438
1548.063306	34.742188
1556.020565	35.375000
1564.001279	36.171875
1570.031847	36.734375
1578.005070	37.015625
1584.045454	37.148438
1592.011306	37.281250
1598.061325	37.328125
1606.019925	37.429688
1614.001239	37.625000
1620.030864	37.664062
1628.004914	37.851562
1634.044063	37.734375
1642.010962	37.632812
1648.059465	37.648438
1656.019324	37.828125
1664.001202	37.812500
1670.029940	37.742188
1678.004768	37.976562
1684.042755	37.882812
1692.010638	38.039062
1698.057714	38.015625
1706.018757	38.125000
1714.001167	38.390625
1720.029070	38.687500
1728.004630	38.882812
1734.041522	38.968750
1742.010333	38.867188
1748.056063	38.781250
1756.018223	39.062500
1764.001134	39.289062
1770.028248	39.257812
1778.004499	39.320312
1784.040358	39.492188
1792.010045	39.562500
1798.054504	39.343750
1806.017719	39.242188
1814.001103	39.648438
1820.027472	39.875000
1828.004376	39.984375
1834.039258	39.898438
1842.009772	39.843750
1848.053030	39.695312
1856.017241	39.765625
1862.068742	39.867188
1870.026738	39.796875
1878.004260	39.664062
1884.038216	39.695312
1892.009514	39.687500
1898.051633	39.632812
1906.016789	39.601562
1912.066944	39.546875
1920.026041	39.406250
1928.004149	39.281250
1934.037228	39.265625
1942.009269	39.320312
1948.050307	39.289062
1956.016360	39.359375
1962.065238	39.265625
1970.025381	39.132812
1978.004044	39.164062
1984.036290	39.179688
1992.009036	39.101562
1998.049048	39.062500
2006.015952	39.078125
2012.063617	39.023438
2020.024752	39.000000
2028.003945	38.984375
2034.035398	38.789062
2042.008815	38.656250
2048.047851	38.617188
2056.015564	38.484375
2062.062075	38.296875
2070.024154	38.140625
2078.003850	38.140625
2084.034549	38.109375
2092.008604	38.093750
2098.046711	38.070312
2106.015195	38.078125
2112.060605	37.992188
2120.023585	38.171875
2128.003759	38.265625
2134.033739	38.351562
2142.008403	38.671875
2148.045623	38.804688
2156.014842	38.882812
2162.059204	38.976562
2170.023041	38.867188
2178.003673	38.578125
2184.032967	38.476562
2192.008212	38.437500
2198.044586	38.570312
2206.014506	38.859375
2212.057865	39.421875
2220.022522	40.015625
2228.003591	40.554688
2234.032229	41.156250
2242.008029	41.437500
2248.043594	41.406250
2256.014184	41.218750
2262.056586	41.140625
2270.022026	40.953125
2278.003512	40.765625
2284.031523	40.687500
2292.007853	40.187500
2298.042645	38.921875
2306.013877	38.250000
2312.055363	38.132812
2320.021552	37.796875
2328.003436	37.710938
2334.030848	37.718750
2342.007686	37.757812
2348.041737	37.765625
2356.013582	37.804688
2362.054191	37.812500
2370.021097	46.515625
2378.003364	53.203125
2384.030201	53.203125
2392.007525	53.203125
2398.040867	53.203125
2406.013300	53.203125
2412.053067	57.703125
2420.020661	57.976562
2428.003295	57.976562
2434.029581	57.976562
2442.007371	57.976562
2448.040032	57.976562
2456.013029	58.429688
2462.051990	56.367188
2470.020243	56.367188
2478.003228	56.367188
2484.028985	56.367188
2492.007223	55.140625
2498.039231	55.140625
2506.012769	55.140625
2512.050955	53.726562
2520.019841	53.726562
2526.064132	53.726562
2534.028413	54.343750
2542.007081	54.343750
2548.038461	54.343750
2556.012520	54.343750
2562.049960	55.921875
2570.019455	57.031250
2576.062887	57.031250
2584.027864	57.031250
2592.006944	57.031250
2598.037721	57.031250
2606.012279	56.742188
2612.049004	54.359375
2620.019084	54.359375
2626.061690	54.359375
2634.027335	54.359375
2642.006813	53.476562
2648.037009	53.476562
2656.012048	53.476562
2662.048084	55.117188
2670.018727	55.117188
2676.060537	55.117188
2684.026825	57.117188
2692.006686	57.117188
2698.036323	57.117188
2706.011826	57.117188
2712.047197	61.953125
2720.018382	61.703125
2726.059427	61.703125
2734.026335	61.703125
2742.006565	61.703125
2748.035662	61.703125
2756.011611	61.882812
2762.046343	61.648438
2770.018050	61.648438
2776.058357	61.648438
2784.025862	61.648438
2792.006447	62.171875
2798.035025	62.171875
2806.011404	62.171875
2812.045519	61.648438
2820.017730	61.648438
2826.057324	61.648438
2834.025406	61.882812
2842.006334	61.882812
2848.034410	61.882812
2856.011204	61.882812
2862.044724	60.671875
2870.017422	61.031250
2876.056328	61.031250
2884.024965	61.031250
2892.006224	61.031250
2898.033816	61.031250
2906.011012	59.421875
2912.043956	58.117188
2920.017123	58.117188
2926.055365	58.117188
2934.024540	58.117188
2942.006118	52.593750
2948.033243	52.593750
2956.010825	52.593750
2962.043214	51.507812
2970.016835	51.507812
2976.054435	51.507812
2984.024129	51.406250
2992.006016	51.406250
2998.032688	51.406250
3006.010645	51.406250
3012.042496	50.742188
3020.016556	50.882812
3026.053536	50.882812
3034.023731	50.882812
3042.005917	50.882812
3048.032152	50.882812
3056.010471	51.531250
3062.041802	52.093750
3070.016287	52.093750
3076.052665	52.093750
3084.023346	52.093750
3092.005821	51.078125
3098.031633	51.078125
3106.010303	51.078125
3112.041131	51.726562
3120.016026	51.726562
3126.051823	51.726562
3134.022974	52.710938
3140.063694	52.710938
3148.031131	52.710938
3156.010139	52.710938
3162.040480	53.140625
3170.015773	53.867188
3176.051007	53.867188
3184.022613	53.867188
3190.062695	53.867188
3198.030644	53.867188
3206.009981	55.289062
3212.039850	53.710938
3220.015528	53.710938
3226.050217	53.710938
3234.022263	53.710938
3240.061728	53.710938
3248.030172	55.570312
