0.000000	32.210938
10.000000	32.523438
20.000000	32.523438
22.360680	32.523438
31.622777	32.523438
41.231056	32.312500
50.990195	32.312500
60.827625	32.312500
63.245553	32.312500
72.801099	32.078125
82.462113	32.078125
92.195445	32.078125
101.980390	32.023438
104.403065	31.773438
114.017543	31.773438
123.693169	31.773438
133.416641	32.000000
136.014705	32.000000
145.602198	32.000000
155.241747	32.000000
164.924225	32.546875
174.642492	32.546875
177.200451	32.546875
186.815417	32.546875
196.468827	30.765625
206.155281	23.867188
215.870331	22.250000
218.403297	22.203125
228.035085	22.070312
237.697286	22.242188
247.386338	22.453125
257.099203	22.718750
259.615100	22.570312
269.258240	22.585938
278.926514	20.476562
288.617394	18.367188
291.204396	17.640625
300.832179	15.531250
310.483494	13.671875
320.156212	12.039062
329.848450	10.687500
332.415403	10.625000
342.052628	10.554688
351.710108	11.632812
361.386220	12.843750
371.079506	13.359375
373.630834	13.703125
383.275358	15.265625
392.937654	17.164062
402.616443	18.195312
412.310563	18.984375
414.849370	19.414062
424.499706	20.031250
434.165867	20.960938
443.846820	21.828125
446.430286	21.015625
456.070170	20.585938
465.725241	20.234375
475.394573	19.968750
485.077313	19.710938
487.647414	19.046875
497.292670	18.828125
506.951674	18.507812
516.623654	18.195312
526.307895	18.218750
528.866713	17.953125
538.516481	16.859375
548.178803	15.812500
557.853027	14.281250
567.538545	12.570312
570.087713	11.445312
579.741322	10.031250
589.406481	9.585938
599.082632	9.445312
601.664358	8.531250
611.310069	8.523438
620.966988	8.867188
630.634601	9.406250
640.312424	10.085938
642.884126	10.382812
652.533524	11.078125
662.193325	11.867188
671.863081	12.843750
681.542368	13.742188
684.105255	14.070312
693.757883	14.781250
703.420216	15.390625
713.091859	16.101562
722.772440	16.359375
725.327512	16.406250
734.982993	16.476562
744.647568	16.523438
754.320887	16.406250
764.002618	16.406250
766.550716	16.312500
776.208735	16.289062
785.875308	16.484375
795.550124	16.523438
798.122798	16.414062
807.774721	16.468750
817.435013	16.437500
827.103379	16.335938
836.779541	16.515625
839.344983	16.890625
848.999411	17.367188
858.661749	18.156250
868.331734	18.679688
878.009112	18.867188
880.567999	19.039062
890.224691	19.312500
899.888882	19.664062
909.560333	20.281250
919.238816	20.593750
921.791734	20.625000
931.450482	20.960938
941.116358	21.351562
950.789146	21.742188
953.362470	21.898438
963.016095	22.062500
972.676719	22.375000
982.344135	23.132812
992.018145	23.898438
994.585341	23.968750
1004.241007	24.421875
1013.903348	24.625000
1023.572176	24.828125
1033.247308	25.281250
1035.808863	25.351562
1045.466403	25.750000
1055.130324	25.796875
1064.800451	26.023438
1074.476617	26.140625
1077.032961	26.117188
1086.692229	26.265625
1096.357606	26.445312
1106.028933	26.734375
1108.602724	26.804688
1118.257573	26.914062
1127.918437	26.726562
1137.585162	26.570312
1147.257600	26.625000
1156.935608	26.765625
1159.482643	28.820312
1169.144987	28.804688
1178.812962	28.804688
1188.486432	28.750000
1198.165264	28.750000
1207.849328	28.789062
1210.371844	28.734375
1220.040983	28.742188
1229.715414	28.765625
1239.395014	28.843750
1249.079661	28.937500
1251.598977	28.921875
1261.269202	28.929688
1270.944531	28.984375
1280.624847	29.070312
1290.310040	29.125000
1300.000000	29.210938
1302.497601	29.226562
1312.173769	29.375000
1321.854758	29.453125
1331.540461	29.500000
1341.230778	29.500000
1350.925609	29.500000
1353.403118	29.500000
1363.084737	29.500000
1372.770920	29.500000
1382.461573	29.500000
1392.156600	29.500000
1394.632568	29.500000
1404.314780	29.500000
1414.001414	29.500000
1423.692383	29.500000
1433.387596	29.500000
1443.086969	29.500000
1445.544880	29.500000
1455.231940	29.500000
1464.923206	29.500000
1474.618595	29.500000
1484.318025	29.500000
1494.021419	29.500000
1496.462495	29.500000
1506.154043	29.500000
1515.849597	29.500000
1525.549081	29.500000
1535.252422	29.500000
1537.693077	29.500000
1547.384891	29.500000
1557.080602	29.500000
1566.780138	29.500000
1576.483428	29.500000
1586.190405	29.500000
1588.615750	29.500000
1598.311609	29.500000
1608.011194	29.500000
1617.714437	29.500000
1627.421273	29.500000
1637.131638	29.500000
1639.542619	29.500000
1649.242250	29.500000
1658.945448	29.500000
1668.652151	29.500000
1678.362297	29.500000
1680.773631	29.500000
1690.473307	29.500000
1700.176461	29.500000
1709.883037	29.500000
1719.592975	29.500000
1729.306219	29.500000
1731.704363	29.500000
1741.407477	29.500000
1751.113931	29.500000
1760.823671	29.359375
1770.536642	29.062500
1780.252791	28.820312
1782.638494	28.757812
1792.344833	28.570312
1802.054383	28.460938
1811.767093	28.406250
1821.482912	27.695312
1823.869513	27.257812
1833.575742	25.523438
1843.285111	25.226562
1852.997572	24.890625
1862.713075	24.632812
1872.431574	24.460938
1874.806657	24.406250
1884.515853	24.062500
1894.228075	23.687500
1903.943276	23.304688
1913.661412	23.132812
1923.382437	23.242188
1925.746608	23.242188
1935.458602	23.007812
1945.173514	22.835938
1954.891301	22.625000
1964.611921	22.406250
1966.977377	22.500000
1976.689151	22.351562
1986.403786	22.312500
1996.121239	22.328125
2005.841469	22.414062
2015.564437	22.390625
2017.919721	22.390625
2027.634089	22.328125
2037.351222	22.515625
2047.071078	22.671875
2056.793621	22.664062
2066.518812	22.773438
2068.864423	22.742188
2078.581247	22.937500
2088.300745	23.476562
2098.022879	26.359375
2107.747613	27.359375
2110.094785	27.343750
2119.811312	29.593750
2129.530465	32.203125
2139.252206	33.296875
2148.976501	35.601562
2158.703314	36.257812
2161.041416	36.203125
2170.760235	36.531250
2180.481598	37.835938
2190.205470	38.070312
2199.931817	38.070312
2209.660607	37.140625
2211.990054	37.140625
2221.711052	37.140625
2231.434516	37.140625
2241.160414	37.679688
2250.888713	37.679688
2253.219918	36.789062
2262.940565	36.789062
2272.663635	41.273438
2282.389099	41.273438
2292.116925	41.273438
2301.847084	41.953125
2304.170133	41.953125
2313.892824	41.953125
