0.000000	11.046875
10.000000	10.617188
10.000000	11.234375
14.142136	11.093750
14.142136	10.687500
22.360680	11.265625
22.360680	10.882812
31.622777	10.960938
31.622777	10.703125
41.231056	10.703125
41.231056	11.250000
44.721360	10.968750
50.990195	10.632812
53.851648	11.109375
60.827625	10.101562
63.245553	11.164062
70.710678	9.546875
72.801099	10.929688
80.622577	8.804688
82.462113	10.562500
85.440037	10.921875
90.553851	9.093750
94.868330	10.781250
100.498756	9.320312
104.403065	10.171875
110.453610	9.812500
114.017543	9.382812
117.046999	9.750000
120.415946	9.687500
126.491106	9.695312
130.384048	9.375000
136.014705	10.406250
140.356688	9.085938
141.421356	9.171875
145.602198	11.429688
151.327460	9.031250
155.241747	11.281250
158.113883	11.437500
161.245155	9.429688
167.630546	10.914062
171.172428	9.226562
177.200451	11.312500
181.107703	10.070312
186.815417	12.132812
191.049732	9.562500
196.468827	11.960938
199.248588	11.992188
200.997512	9.242188
208.806130	11.625000
210.950231	9.421875
218.403297	11.187500
220.907220	9.070312
228.035085	11.273438
230.867928	9.320312
237.697286	11.539062
240.416306	11.328125
240.831892	9.820312
250.000000	11.710938
250.798724	9.765625
259.615100	12.039062
260.768096	9.875000
261.725047	9.875000
269.258240	12.359375
271.661554	9.679688
278.926514	12.632812
281.602557	9.109375
281.602557	12.453125
291.204396	12.921875
291.547595	8.539062
300.832179	13.046875
301.496269	7.750000
310.483494	13.281250
311.448230	7.421875
320.156212	13.523438
321.403174	7.343750
329.848450	14.000000
331.360831	7.640625
339.558537	14.734375
341.320963	7.789062
349.284984	15.695312
351.283361	7.851562
351.710108	15.593750
361.247837	7.671875
361.386220	15.835938
371.079506	16.406250
371.214224	7.679688
380.788655	16.992188
381.182371	7.921875
382.099463	7.859375
390.512484	18.406250
392.045916	8.140625
400.249922	26.867188
401.995025	8.414062
410.000000	30.679688
411.946598	8.375000
419.761837	30.679688
421.900462	8.476562
422.018957	27.523438
431.740663	27.523438
431.856458	8.296875
441.474801	26.867188
441.814441	8.468750
451.220567	26.867188
451.774280	8.437500
460.977223	26.867188
461.735855	8.468750
470.744092	26.703125
471.699057	8.398438
480.520551	26.703125
481.663783	8.070312
490.306027	26.703125
491.629942	7.765625
492.442890	26.703125
501.597448	7.304688
502.195181	28.789062
511.566222	6.812500
521.536192	6.914062
531.507291	6.742188
541.479455	6.851562
551.452627	6.007812
561.426754	6.195312
571.401785	6.203125
581.377674	6.812500
591.354378	6.796875
601.331855	7.195312
611.310069	7.398438
612.045750	7.632812
622.012862	9.046875
631.981012	10.664062
641.950154	12.195312
651.920241	12.781250
661.891230	13.851562
671.863081	15.562500
681.835757	16.726562
691.809222	17.656250
701.783442	17.867188
711.758386	21.742188
721.734023	24.000000
731.710325	24.000000
732.461603	24.000000
742.428448	24.000000
752.396172	24.000000
762.364742	24.000000
772.334125	22.921875
782.304289	22.953125
792.275205	22.976562
802.246845	20.367188
812.219182	16.062500
822.192192	16.562500
832.165849	16.648438
842.140131	17.625000
842.911621	18.953125
852.877482	23.289062
862.844134	24.000000
872.811549	24.000000
882.779701	24.000000
892.748565	24.000000
902.718118	24.000000
912.688337	24.000000
922.659200	24.000000
932.630688	24.000000
933.434518	24.000000
943.398113	24.000000
953.362470	24.000000
963.327566	24.000000
973.293378	24.000000
983.259884	24.000000
993.227064	24.000000
1003.194896	24.000000
1013.163363	24.000000
1023.132445	24.000000
1023.962890	24.000000
1033.924562	24.000000
1043.886967	24.000000
1053.850084	24.000000
1063.813893	24.000000
1073.778376	24.000000
1083.743512	24.000000
1093.709285	24.000000
1103.675677	24.000000
1113.642672	24.000000
1114.495402	24.000000
1124.455424	24.000000
1134.416149	24.000000
1144.377560	24.000000
1154.339638	24.000000
1164.302366	24.000000
1174.265728	24.000000
1184.229707	24.000000
1194.194289	24.000000
1204.159458	24.000000
1205.031120	24.000000
1214.989712	24.000000
1224.948979	24.000000
1234.908904	24.000000
1244.869471	24.000000
1254.830666	24.000000
1264.792473	24.000000
1274.754878	24.000000
1284.717868	24.000000
1294.681428	24.000000
1295.569373	24.000000
1305.526714	24.000000
1315.484702	24.000000
1325.443322	24.000000
1335.402561	24.000000
1345.362405	24.000000
1355.322840	24.000000
1365.283853	24.000000
1375.245433	24.000000
1385.207566	24.000000
1386.109664	24.000000
1396.065901	24.000000
1406.022759	24.000000
1415.980226	24.000000
1425.938288	24.000000
1435.896932	23.343750
1445.856148	23.570312
1455.815922	24.000000
1465.776245	24.000000
1475.737104	24.000000
1476.651618	24.000000
1486.606875	26.007812
1496.562728	26.007812
1506.519167	26.007812
1516.476179	28.359375
1526.433752	28.359375
1536.391877	28.359375
1546.350542	28.460938
1556.309738	28.460938
1566.269453	28.460938
1567.194946	28.460938
1577.149327	27.937500
1587.104281	27.937500
1597.059799	27.937500
1607.015868	27.750000
1616.972480	27.750000
1626.929624	27.750000
1636.887290	27.250000
1646.845469	27.250000
1656.804153	27.250000
1657.739425	27.000000
1667.693017	26.671875
1677.647162	26.343750
1687.601849	26.015625
1697.557068	25.976562
1707.512811	25.976562
1717.469068	25.976562
1727.425831	25.695312
1737.383090	25.367188
1747.340837	25.039062
1748.284874	25.031250
1758.237754	25.398438
1768.191166	25.773438
1778.145101	26.242188
1788.099550	26.609375
1798.054504	26.937500
1808.009956	27.257812
1817.965896	26.726562
1827.922318	26.726562
1837.879213	26.726562
1838.831150	26.726562
1848.783384	28.593750
1858.736130	28.328125
1868.689380	28.078125
1878.643127	28.257812
1888.597363	28.578125
1898.552080	28.578125
1908.507270	29.820312
1918.462926	29.820312
1928.419042	29.820312
1929.378138	29.820312
1939.329781	35.171875
1949.281919	35.171875
1959.234544	35.171875
1969.187650	39.257812
1979.141228	39.257812
1989.095272	39.257812
