0.000000	18.062500
10.000000	18.406250
10.000000	17.828125
14.142136	17.828125
20.000000	18.406250
22.360680	17.828125
28.284271	17.828125
36.055513	18.390625
42.426407	18.390625
50.000000	18.390625
58.309519	18.390625
64.031242	18.421875
72.111026	18.562500
78.102497	18.562500
86.023253	18.562500
94.339811	18.562500
100.000000	18.562500
108.166538	18.617188
116.619038	18.617188
122.065556	18.679688
130.384048	18.679688
136.014705	18.679688
144.222051	18.750000
152.643375	18.750000
158.113883	18.750000
166.433170	18.750000
174.928557	18.578125
180.277564	18.328125
188.679623	18.328125
197.230829	18.328125
202.484567	18.328125
210.950231	17.546875
216.333077	17.546875
224.722051	17.546875
233.238076	17.546875
238.537209	17.781250
246.981781	17.460938
255.538647	17.460938
260.768096	17.460938
269.258240	17.460938
274.590604	17.460938
283.019434	17.398438
291.547595	17.398438
296.816442	17.468750
305.286750	17.468750
313.847097	17.343750
319.061123	17.343750
327.566787	17.343750
336.154726	17.343750
341.320963	17.359375
349.857114	17.179688
355.105618	17.179688
363.593179	17.179688
372.155881	17.179688
377.359245	17.179688
385.875628	17.179688
394.461658	17.179688
399.624824	17.257812
408.166633	17.257812
413.400532	17.257812
421.900462	17.312500
430.464865	17.312500
435.660418	17.312500
444.184646	17.312500
452.769257	16.429688
457.930126	16.718750
466.476152	16.718750
475.078941	16.718750
480.208288	16.718750
488.773976	15.796875
493.963561	15.796875
502.493781	15.796875
511.077294	15.796875
516.236380	16.406250
524.785671	16.257812
533.385414	16.257812
538.516481	16.257812
547.083175	16.257812
552.268051	16.257812
560.802996	16.937500
569.385634	16.937500
574.543297	16.828125
583.095189	16.828125
591.692488	16.992188
596.824932	16.992188
605.392435	16.992188
614.003257	16.992188
619.112268	16.992188
627.694193	13.164062
632.850693	13.015625
641.404708	12.984375
650.000000	13.085938
655.133574	12.664062
663.701740	12.914062
672.309453	12.789062
677.421582	11.578125
686.002915	10.140625
691.158448	8.179688
699.714227	6.429688
708.307843	5.671875
713.442359	4.109375
722.011080	3.953125
730.616178	3.500000
735.730929	2.984375
744.311763	2.218750
749.466477	1.820312
758.023746	1.218750
766.615940	1.203125
771.751255	1.015625
780.320447	0.851562
788.923317	0.156250
794.040301	-0.101562
802.620707	-0.664062
807.774721	-0.789062
816.333265	-1.093750
824.924239	-1.351562
830.060239	-1.445312
838.629835	-1.437500
843.800924	-1.531250
852.349693	-1.546875
860.929730	-1.367188
866.083137	-1.359375
874.642784	-0.984375
883.232699	-0.578125
888.369293	-0.492188
896.939240	-0.250000
902.108641	-0.210938
910.659102	-0.078125
919.238816	-0.023438
924.391692	-0.085938
932.952303	-0.062500
941.541290	-0.078125
946.678404	-0.179688
955.248659	-0.117188
960.416576	-0.187500
968.968524	0.242188
977.547953	0.656250
982.700361	0.742188
991.261822	0.921875
996.443676	0.984375
1004.987562	0.851562
1013.558089	0.718750
1018.724693	0.843750
1027.277957	0.875000
1035.857133	1.007812
1041.009126	1.179688
1049.571341	1.421875
1054.751155	1.507812
1063.296760	1.656250
1071.867529	1.835938
1077.032961	1.875000
1085.587399	2.046875
1094.166349	2.101562
1099.317970	2.164062
1107.880860	2.140625
1113.058848	2.218750
1121.605991	2.171875
1130.176977	2.000000
1135.341358	2.070312
1143.896848	1.937500
1149.086594	2.023438
1157.626883	2.203125
1166.190379	2.585938
1171.366723	2.710938
1179.915251	3.085938
1188.486432	3.460938
1193.649865	3.546875
1202.206305	3.921875
1207.393888	4.000000
1215.935854	4.367188
1224.499898	4.687500
1229.674754	4.695312
1238.224535	4.843750
1246.795893	4.929688
1251.958466	4.882812
1260.515767	4.890625
1265.701387	4.835938
1274.244874	4.843750
1282.809417	4.828125
1287.982919	4.796875
1296.533841	4.765625
1301.729619	4.726562
1310.267148	4.687500
1318.825235	4.679688
1324.009063	4.656250
1332.553939	4.687500
1341.118936	4.703125
1346.291202	4.710938
1354.843164	4.703125
1360.036764	4.710938
1368.575902	4.703125
1377.134707	4.718750
1382.316896	4.734375
1390.863041	4.812500
1399.428455	4.851562
1404.599587	4.851562
1413.152504	4.906250
1418.344105	4.890625
1426.884719	4.953125
1435.444182	4.945312
1440.624864	4.882812
1449.172177	4.953125
1454.372717	4.929688
1462.908063	4.921875
1471.461858	4.914062
1476.651618	4.914062
1485.193590	4.976562
1493.753661	5.070312
1498.932954	5.101562
1507.481343	5.226562
1512.679741	5.250000
1521.216618	5.398438
1529.771225	5.539062
1534.959283	5.523438
1543.502511	5.617188
1552.063143	5.750000
1557.241150	5.710938
1565.790535	5.796875
1570.986951	5.757812
1579.525245	5.812500
1588.080602	5.875000
1593.267084	5.820312
1601.811475	5.804688
1607.015868	5.742188
1615.549442	5.695312
1624.099751	5.585938
1629.294326	5.546875
1637.833935	5.429688
1646.389990	5.375000
1651.575006	5.351562
1660.120478	5.375000
1665.322792	5.367188
1673.857820	5.453125
1682.408987	5.484375
1687.601849	5.468750
1696.142683	5.453125
1704.699387	5.507812
1709.883037	5.507812
1718.429516	5.601562
1723.629891	5.601562
1732.166274	5.710938
1740.718243	5.820312
1745.909505	5.804688
1754.451481	5.890625
1759.659058	5.882812
1768.191166	5.945312
1776.738585	5.953125
1781.937148	5.898438
1790.474797	5.882812
1795.689283	5.835938
1804.217282	5.781250
1812.760326	5.703125
1817.965896	5.656250
1826.499384	5.609375
1831.720503	5.593750
1840.244549	5.617188
1848.783384	5.750000
1853.995685	5.750000
1862.525168	5.890625
1867.752660	5.914062
1876.272901	6.085938
1884.807682	6.203125
1890.026455	6.203125
1898.552080	6.210938
1903.785702	6.187500
1912.302277	6.078125
1920.833153	6.070312
1926.058151	6.078125
1934.580058	6.203125
1939.819579	6.226562
1948.332620	6.296875
1956.859729	6.406250
1962.090722	6.406250
1970.609043	6.562500
1975.854246	6.546875
1984.363878	6.640625
1992.887353	6.585938
1998.124120	6.515625
2006.638981	6.437500
2011.889659	6.375000
2020.396001	6.273438
2028.915967	6.140625
2034.158303	6.039062
2042.669822	5.960938
2051.194774	5.820312
2056.428944	5.773438
2064.945520	5.718750
2070.193228	5.734375
2078.701518	5.695312
2087.223036	5.656250
2092.462664	5.585938
2100.975964	5.484375
2106.228857	5.414062
2114.734026	5.492188
2123.252222	5.750000
2128.497122	5.757812
2137.007253	6.007812
2142.265156	5.992188
2150.767305	6.218750
2159.282288	6.437500
2164.532282	6.468750
2173.039346	6.765625
2178.302091	6.875000
2186.801317	7.093750
2195.313190	7.257812
2200.568108	7.367188
2209.072203	7.546875
2214.339631	7.632812
2222.836026	7.859375
2231.344886	7.843750
2236.604569	7.835938
2245.105788	7.546875
2250.377746	7.500000
2258.871400	7.203125
2267.377340	7.140625
2272.641635	7.343750
2281.140066	7.898438
2286.416410	8.179688
2294.907406	8.726562
2303.410515	8.742188
2308.679276	8.835938
2317.175004	8.343750
2322.455597	8.367188
2330.944015	8.015625
2339.444378	8.101562
2344.717467	8.078125
2353.210573	7.851562
2358.495283	7.617188
2366.981200	7.382812
2375.478899	7.109375
2380.756182	6.867188
2389.246743	6.609375
2394.535446	6.437500
2403.018935	6.312500
2411.514047	6.398438
2416.795399	6.351562
2425.283489	6.335938
2430.576063	6.148438
2439.057195	5.703125
2447.549795	5.218750
2452.835094	5.093750
2461.320784	4.789062
2469.817807	4.656250
2475.095958	4.695312
2483.586117	4.835938
2488.875248	4.882812
2497.358605	4.742188
2505.853148	4.679688
2511.135201	4.796875
2519.622988	5.039062
2524.915840	5.250000
2533.396929	5.687500
2541.889061	6.562500
2547.174906	7.359375
2555.660384	8.085938
2560.956852	8.679688
2569.435736	8.617188
2577.925523	8.804688
2583.215051	9.437500
2591.698285	9.718750
2596.998267	10.296875
2605.475005	10.375000
2613.962509	10.390625
2619.255619	10.960938
2627.736669	11.242188
2633.040068	11.843750
2641.514717	12.046875
2650.000000	12.125000
2655.296594	12.632812
2663.775516	12.851562
2669.082239	13.414062
2677.554855	13.742188
2686.037974	13.953125
2691.337957	14.343750
2699.814808	14.835938
2705.124766	15.375000
2713.595401	15.500000
2722.076413	15.500000
2727.379695	15.500000
2735.854528	15.500000
2741.167634	15.500000
2749.636340	15.500000
2758.115299	15.500000
2763.421792	15.500000
2771.894659	15.500000
2777.210831	15.500000
2785.677655	15.500000
2794.154613	15.500000
2799.464234	17.046875
2807.935184	17.117188
2813.254343	17.132812
2821.719334	17.187500
2830.194340	17.242188
2835.507009	17.242188
2843.976090	17.281250
2849.298159	17.281250
2857.761362	17.320312
2866.234464	17.531250
2871.550104	17.593750
2880.017361	17.898438
2885.342267	17.992188
2893.803725	18.218750
2902.274970	18.382812
2907.593507	18.414062
2916.058984	18.398438
2921.386657	18.375000
2929.846412	18.351562
2935.183129	18.320312
2940.544167	18.273438
2948.982876	18.265625
2954.352721	18.226562
2962.785851	18.218750
2968.164416	18.179688
2976.592011	18.171875
2981.979209	17.359375
2990.401311	17.960938
2995.797056	17.960938
3001.216420	17.960938
3009.617916	17.960938
3015.045605	17.382812
3023.441747	17.382812
3028.877680	17.382812
3037.268510	17.203125
3042.712606	17.203125
3051.098163	17.203125
3056.550343	17.437500
3062.025473	17.437500
3070.390855	17.437500
3075.873860	17.437500
3084.234103	17.765625
3089.724907	17.710938
3098.080051	17.710938
3103.578580	17.664062
3111.928662	17.664062
3117.434843	17.617188
3122.963336	17.562500
3131.293662	17.585938
3136.829610	17.515625
3145.155004	17.531250
3150.698335	17.468750
3159.018835	17.484375
3164.569481	17.414062
3172.885122	17.429688
3178.443015	17.367188
3184.022613	17.304688
3192.318906	17.328125
3197.905565	17.257812
3206.197124	17.289062
3211.790778	17.218750
3220.077639	17.250000
3225.678223	17.164062
3233.960420	17.203125
3239.567872	17.117188
3245.196450	17.054688
3253.459697	17.070312
3259.094966	17.007812
3267.353669	17.031250
3272.995570	16.781250
3281.249762	16.781250
3286.898234	16.781250
3295.147948	16.781250
3300.802933	16.781250
3306.478489	16.804688
3314.709640	15.500000
3320.391543	15.500000
3328.618332	15.500000
3334.306525	15.500000
3342.528983	15.500000
3348.223410	15.500000
3356.441568	14.367188
3362.142174	13.156250
3367.862824	12.812500
3376.062796	12.414062
3381.789467	12.187500
3389.985251	11.882812
3395.717892	11.796875
3403.909517	11.843750
3409.648076	11.828125
3417.835572	11.937500
3423.579998	11.906250
3431.763395	11.937500
3437.513636	11.851562
3445.692964	11.796875
3453.881874	11.976562
3459.624257	12.398438
3467.809107	12.687500
3473.557254	12.898438
3481.738072	12.960938
3489.928366	13.031250
3495.668749	13.226562
3503.855020	13.296875
3509.601117	13.484375
3517.783393	13.554688
3525.975042	13.625000
3531.713465	13.812500
3539.901129	13.859375
3545.645216	14.078125
3553.828921	14.093750
3559.578627	14.328125
3567.758400	14.312500
3573.513677	14.562500
3581.689545	14.593750
3589.874650	14.335938
3595.622338	12.000000
3603.803546	12.000000
3609.556759	12.000000
3617.734097	12.000000
3623.492790	12.000000
3631.666284	12.000000
3637.430412	12.000000
3645.600088	13.984375
3651.369606	17.617188
3659.535490	17.617188
3667.710457	18.031250
3673.472472	18.156250
3681.643655	18.156250
3687.411016	18.156250
3695.578439	18.156250
3701.351105	18.156250
3709.514793	19.078125
3715.292721	17.890625
3723.452699	17.890625
3729.235847	17.890625
3737.392139	17.890625
3743.180466	17.890625
3751.333096	17.531250
3759.494647	17.531250
3765.275554	17.906250
3773.433450	17.906250
3779.219496	17.906250
3787.373760	18.156250
3793.164905	18.156250
3801.315562	18.156250
3807.111766	18.367188
3815.258838	18.367188
3821.060062	18.367188
3829.203573	17.796875
3837.355860	17.796875
3843.149750	17.796875
3851.298482	17.796875
3857.097354	18.953125
3865.242554	18.156250
3871.046370	18.156250
3879.188059	18.156250
3884.996782	18.156250
3893.134984	18.156250
3898.948576	18.968750
3907.083311	17.570312
3912.901737	17.570312
3921.033027	17.570312
3929.172941	17.570312
3934.984117	17.570312
3943.120592	17.703125
3948.936566	18.609375
3957.069623	18.609375
3962.890359	18.609375
3971.020020	18.609375
3976.845484	18.609375
3984.971769	17.992188
3990.801924	17.929688
3998.924856	17.929688
4007.056276	17.929688
4012.879266	17.929688
4021.007336	18.218750
4026.834985	18.218750
4034.959727	18.218750
4040.792002	18.406250
4048.913434	18.406250
4054.750301	18.406250
