0.000000	40.000000
10.000000	40.000000
14.142136	40.000000
22.360680	44.742188
31.622777	44.742188
36.055513	47.226562
44.721360	47.226562
53.851648	44.273438
58.309519	44.273438
67.082039	44.273438
76.157731	44.273438
80.622577	44.273438
89.442719	38.429688
98.488578	38.429688
102.956301	41.500000
111.803399	41.500000
120.830460	35.906250
125.299641	35.906250
134.164079	35.906250
143.178211	35.906250
147.648231	35.906250
156.524758	31.460938
165.529454	31.460938
170.000000	33.632812
178.885438	33.632812
187.882942	30.898438
192.353841	30.898438
201.246118	30.898438
210.237960	30.898438
214.709106	30.898438
223.606798	33.101562
232.594067	33.101562
237.065392	33.078125
245.967478	33.078125
254.950976	34.679688
259.422435	34.679688
268.328157	34.679688
277.308492	34.679688
281.780056	34.679688
290.688837	37.703125
299.666481	37.703125
304.138127	36.031250
313.049517	36.031250
317.647603	36.031250
326.496554	40.523438
335.410197	40.523438
340.000000	40.523438
348.855271	40.523438
357.770876	41.156250
362.353419	41.218750
371.214224	41.218750
380.131556	41.218750
384.707681	41.218750
393.573373	43.640625
402.492236	43.640625
407.062649	43.640625
415.932687	43.640625
424.852916	46.593750
429.418211	46.781250
438.292140	46.781250
447.213595	46.781250
451.774280	46.781250
460.651712	46.992188
469.574275	46.992188
474.130784	46.992188
483.011387	46.992188
491.934955	47.046875
496.487663	48.781250
505.371151	48.781250
514.295635	48.781250
518.844871	48.781250
527.730992	47.843750
536.656315	47.843750
541.202365	47.843750
550.090902	47.843750
559.016994	48.437500
563.560112	49.796875
572.450871	49.796875
581.377674	49.796875
585.918083	49.796875
594.810894	51.367188
603.738354	51.367188
608.276253	51.367188
617.170965	51.367188
626.099034	55.539062
630.634601	56.617188
639.531078	56.617188
648.459713	56.617188
652.993109	56.617188
661.891230	54.039062
670.820393	38.382812
675.351760	37.078125
684.251416	23.710938
693.181073	23.460938
697.710542	23.320312
706.611633	23.070312
715.541753	26.085938
720.069441	25.671875
728.971879	25.609375
737.902433	23.695312
742.428448	22.148438
751.332150	19.578125
760.263112	19.460938
764.787552	18.937500
773.692445	18.539062
782.623792	19.101562
787.146746	19.218750
796.052762	20.148438
804.984472	19.742188
809.506022	19.015625
818.413099	17.039062
827.345152	14.703125
831.865374	14.062500
840.773453	11.789062
845.340168	11.898438
854.224795	11.851562
863.133825	11.593750
867.698104	11.554688
876.584280	11.320312
885.494212	11.468750
890.056178	11.601562
898.943825	12.148438
907.854614	12.632812
912.414380	12.765625
921.303425	12.867188
930.215029	12.773438
934.772700	12.875000
943.663075	12.992188
952.575456	13.226562
957.131130	13.406250
966.022774	13.562500
974.935895	13.687500
979.489663	13.820312
988.382517	14.078125
997.296345	14.250000
1001.848292	14.257812
1010.742301	14.398438
1019.656805	14.531250
1024.207010	14.593750
1033.102125	14.843750
1042.017274	15.226562
1046.565813	15.320312
1055.461984	15.664062
1064.377752	15.843750
1068.924693	15.859375
1077.821878	15.906250
1086.738239	15.984375
1091.283648	16.031250
1100.181803	16.312500
1109.098733	16.296875
1113.642672	16.328125
1122.541759	16.234375
1131.459235	16.273438
1136.001761	16.335938
1144.901743	16.843750
1153.819743	17.187500
1158.360911	17.382812
1167.261753	17.750000
1176.180258	18.078125
1180.720119	18.265625
1189.621789	18.585938
1198.540779	18.992188
1203.079382	19.148438
1211.981848	19.601562
1216.552506	19.812500
1225.438697	20.351562
1234.341930	20.843750
1238.910812	21.046875
1247.798061	21.523438
1256.702033	21.960938
1261.269202	22.156250
1270.157471	22.539062
1279.062156	22.953125
1283.627672	23.148438
1292.516924	23.531250
1301.422299	23.898438
1305.986217	24.078125
1314.876420	24.406250
1323.782459	24.773438
1328.344835	26.164062
1337.235955	27.804688
1346.142637	28.203125
1350.703520	28.242188
1359.595528	27.421875
1368.502832	26.273438
1373.062271	26.351562
1381.955137	26.460938
1390.863041	26.625000
1395.421083	26.734375
1404.314780	27.046875
1408.900280	27.078125
1417.779955	27.117188
1426.674455	27.273438
1431.258188	27.375000
1440.138882	27.625000
1449.034161	27.843750
1453.616180	27.859375
1462.497863	27.992188
1471.393897	28.179688
1475.974255	28.210938
1484.856895	28.359375
1493.753661	28.500000
1498.332406	28.515625
1507.215977	28.695312
1516.113452	28.757812
1520.690633	28.750000
1529.575104	28.796875
1538.473269	28.882812
1543.048930	28.914062
1551.934277	29.000000
1560.833111	29.000000
1565.407295	29.000000
1574.293492	29.000000
1578.892017	29.000000
1587.765726	29.000000
1596.652749	29.000000
1601.249512	29.000000
1610.124219	29.000000
1619.012044	29.000000
1623.607095	29.000000
1632.482772	29.000000
1637.101096	29.000000
1645.964763	29.000000
1654.841382	29.000000
1659.457743	29.000000
1668.322511	29.000000
1672.961446	29.000000
1681.814496	29.000000
1686.475615	29.000000
1695.317079	29.000000
1704.171353	29.000000
1708.830009	29.000000
1717.672844	29.000000
1722.353042	29.000000
1731.184566	29.000000
1740.028735	29.000000
1744.706279	29.000000
1753.539278	29.000000
1758.237754	29.000000
1767.059705	29.000000
1771.778767	29.000000
1780.589790	29.000000
1789.413312	29.000000
1794.129315	29.000000
1802.942040	29.000000
1807.678069	29.000000
1816.480113	29.000000
1821.235844	29.000000
1830.027322	29.000000
1838.831150	29.000000
1843.583467	29.000000
1852.376852	29.000000
1857.148352	29.000000
1865.931403	29.000000
1870.721786	29.000000
1879.494613	29.000000
1888.279640	29.000000
1893.066296	29.000000
1901.841213	29.000000
1906.646270	29.000000
1915.411183	29.000000
1920.234361	29.000000
1928.989373	29.000000
1937.756435	29.000000
1942.575610	29.000000
1951.332878	29.000000
1956.169727	29.000000
1964.917301	29.000000
1969.771560	29.000000
1978.509540	29.000000
1987.259419	29.000000
1992.109435	29.000000
2000.849819	29.000000
2005.716829	29.000000
2014.447815	29.000000
2019.331573	29.000000
2028.053254	29.000000
2036.786685	29.000000
2041.665986	29.000000
2050.390207	29.000000
2055.285868	29.000000
2064.000969	29.000000
2068.912758	29.000000
2077.618829	29.000000
2086.336502	29.000000
2091.243649	29.000000
2099.952380	29.000000
2104.875293	29.000000
2113.575170	29.000000
2118.513630	29.000000
2127.204739	29.000000
2135.907301	29.000000
2140.840956	29.000000
2149.534833	29.000000
2154.483697	29.000000
2163.168972	29.000000
2168.132837	29.000000
2176.809592	29.000000
2185.497655	29.000000
2190.456573	29.000000
2199.136194	29.000000
2204.109798	29.000000
2212.781056	29.000000
2217.769149	29.000000
2226.432123	29.000000
2235.106261	29.000000
2240.089284	29.000000
2248.755211	29.000000
2253.752427	29.000000
2262.410219	29.000000
2267.421443	29.000000
2276.071176	29.000000
2284.731932	29.000000
2289.737976	29.000000
2298.390741	29.000000
2303.410515	29.000000
2312.055363	29.000000
2317.088691	29.000000
2325.725693	29.000000
2334.373578	29.000000
2339.401633	29.000000
2348.041737	29.000000
2353.083084	29.000000
2361.715478	29.000000
2366.769951	29.000000
2375.394704	29.000000
2384.030201	29.000000
2389.079321	29.000000
2397.707238	29.000000
2402.769236	29.000000
2411.389641	29.000000
2416.464359	29.000000
2425.077318	29.000000
2433.700885	29.000000
2438.770182	29.000000
2447.386361	29.000000
2452.468145	29.000000
2461.077000	29.000000
2469.696338	29.000000
2474.772717	29.000000
2483.384787	29.000000
2488.473428	29.000000
2497.078293	29.000000
2502.179050	29.000000
2510.776772	29.000000
2519.384846	29.000000
2524.480145	29.000000
2533.081128	29.000000
2538.188330	29.000000
2546.782284	29.000000
2551.901252	29.000000
2560.488235	29.000000
2569.085440	29.000000
2574.198905	29.000000
2582.789190	29.000000
2587.914218	29.000000
2596.497641	29.000000
2601.634102	29.000000
2610.210719	29.000000
2618.797434	29.000000
2623.928353	29.000000
2632.508310	29.000000
2637.650470	29.000000
2646.223724	29.000000
2651.377001	29.000000
2659.943608	29.000000
2668.520189	29.000000
2673.667893	29.000000
2682.237872	29.000000
2687.396510	29.000000
2695.959940	29.000000
2701.129393	29.000000
2709.686329	29.000000
2718.253116	29.000000
2723.416971	29.000000
2731.977306	29.000000
2737.151804	29.000000
2745.705738	29.000000
2750.890765	29.000000
2759.438349	29.000000
2767.995665	29.000000
2773.175076	29.000000
2781.726083	29.000000
2786.915858	29.000000
2795.460606	29.000000
2800.660636	29.000000
2809.199174	29.000000
2817.747327	29.000000
2822.941728	29.000000
2831.483710	29.000000
2836.688210	29.000000
2845.224069	29.000000
2850.438563	29.000000
2858.968345	29.000000
2867.507629	29.000000
2872.716484	29.000000
2881.249729	29.000000
2886.468430	29.000000
2894.995682	29.000000
2900.224129	29.000000
2908.745434	29.000000
2917.276127	29.000000
2922.498931	28.906250
2931.023712	28.789062
2936.256120	28.695312
2944.775034	28.593750
2950.016949	28.492188
2958.530040	28.289062
2967.052409	28.125000
2972.288680	28.031250
2980.805260	27.984375
2986.050904	27.914062
2994.561738	27.804688
2999.816661	27.703125
3008.321791	27.664062
3016.836091	27.664062
3022.085373	27.632812
3030.594001	27.546875
3035.852434	27.460938
3044.355433	27.320312
3049.622928	27.218750
3058.120338	26.992188
3066.626811	26.875000
3071.888670	26.828125
3080.389586	26.812500
3085.660383	26.750000
3094.155781	26.562500
3099.435432	26.429688
3107.925353	26.140625
3116.424233	26.039062
3121.698256	26.015625
3130.191687	25.781250
3135.474446	25.750000
3143.962468	25.632812
3149.253880	25.570312
3157.736531	25.562500
3166.228040	25.492188
3171.513834	25.460938
3180.000000	25.484375
3185.294335	25.492188
3193.775196	25.476562
3199.077992	25.375000
3207.553585	25.015625
3212.864765	24.906250
3218.198254	24.843750
3226.654614	24.710938
3231.996287	24.593750
3240.447500	24.460938
3245.797283	24.429688
3251.169021	24.398438
3259.601203	24.453125
3264.980858	24.539062
3273.408010	24.546875
3278.795511	24.539062
3284.204622	24.546875
3292.612944	24.492188
3298.029715	24.546875
3306.433123	24.523438
3311.857485	24.515625
3317.303122	24.500000
3325.687899	24.406250
3331.140946	24.351562
3336.615051	24.289062
3344.981315	24.062500
3350.462655	23.968750
3358.824199	23.687500
3364.312708	23.570312
3369.821954	23.445312
3378.165182	23.164062
3383.681427	23.085938
3392.020047	23.023438
3397.543230	23.023438
3403.086834	23.046875
3411.407334	23.101562
3416.957711	23.117188
3425.273712	23.132812
3430.830803	23.132812
3436.408008	23.140625
3444.706083	23.148438
3450.289843	23.148438
3455.893517	23.156250
3464.173783	23.195312
3469.783855	23.343750
3478.059804	23.945312
3483.676219	25.796875
3489.312253	26.281250
3497.570585	26.851562
3503.212811	26.914062
3511.466930	27.031250
3517.115295	27.210938
3522.782991	27.406250
3531.019683	27.617188
3536.693371	27.812500
3544.925951	28.023438
3550.605582	29.000000
3556.304261	30.531250
3564.519603	30.531250
3570.224083	30.531250
3575.947427	30.531250
3584.145644	33.648438
3589.874650	34.960938
3598.068927	34.960938
3603.803546	34.960938
3609.556759	34.960938
3617.734097	34.960938
3623.492790	36.007812
3631.666284	40.171875
3637.430412	40.171875
3643.212868	40.171875
3651.369606	40.171875
