0.000000	15.859375
10.000000	15.859375
14.142136	15.781250
22.360680	15.781250
31.622777	17.562500
41.231056	17.562500
50.990195	17.562500
60.827625	18.101562
70.710678	18.101562
80.622577	18.101562
90.553851	18.320312
100.498756	18.320312
110.453610	18.320312
111.803399	18.320312
121.655251	17.593750
131.529464	16.515625
141.421356	12.968750
151.327460	12.179688
161.245155	11.390625
171.172428	10.601562
181.107703	9.812500
191.049732	9.023438
200.997512	8.218750
210.950231	6.585938
220.907220	3.953125
230.867928	1.789062
240.831892	-3.015625
241.867732	-3.515625
251.793566	-8.515625
261.725047	-12.171875
271.661554	-13.257812
281.602557	-13.703125
291.547595	-14.187500
301.496269	-14.367188
311.448230	-14.734375
321.403174	-14.632812
331.360831	-14.257812
341.320963	-13.976562
351.283361	-13.117188
361.247837	-12.812500
371.214224	-12.593750
381.182371	-12.093750
391.152144	-11.414062
392.045916	-11.312500
401.995025	-10.734375
411.946598	-9.734375
421.900462	-9.031250
431.856458	-8.625000
441.814441	-8.234375
451.774280	-7.960938
461.735855	-7.703125
471.699057	-7.296875
481.663783	-6.710938
491.629942	-5.828125
501.597448	-4.226562
511.566222	-1.914062
521.536192	-0.148438
531.507291	1.562500
541.479455	2.976562
551.452627	3.859375
552.268051	3.859375
562.227712	4.343750
572.188780	4.585938
582.151183	4.242188
592.114854	4.773438
602.079729	5.453125
612.045750	5.718750
622.012862	5.828125
631.981012	6.187500
641.950154	6.468750
651.920241	7.031250
661.891230	7.687500
671.863081	8.062500
681.835757	8.007812
691.809222	7.914062
701.783442	8.007812
702.566723	8.054688
712.530701	8.296875
722.495675	8.578125
732.461603	8.632812
742.428448	8.773438
752.396172	8.890625
762.364742	8.984375
772.334125	9.093750
782.304289	9.187500
792.275205	9.203125
802.246845	9.250000
812.219182	9.335938
822.192192	9.445312
832.165849	9.515625
842.140131	9.593750
852.115016	9.656250
852.877482	9.734375
862.844134	9.718750
872.811549	9.734375
882.779701	9.960938
892.748565	10.179688
902.718118	10.195312
912.688337	10.265625
922.659200	10.343750
932.630688	10.265625
942.602780	10.414062
952.575456	10.601562
962.548700	10.648438
972.522493	10.656250
982.496819	10.781250
983.259884	10.796875
993.227064	10.921875
1003.194896	10.968750
1013.163363	10.976562
1023.132445	11.015625
1033.102125	11.109375
1043.072385	11.203125
1053.043209	11.320312
1063.014581	11.398438
1072.986486	11.343750
1082.958910	11.351562
1092.931837	11.484375
1102.905254	11.601562
1112.879149	11.679688
1122.853508	11.789062
1123.610253	11.796875
1133.578405	11.804688
1143.547113	11.835938
1153.516363	11.890625
1163.486141	11.960938
1173.456433	12.117188
1183.427226	12.304688
1193.398508	12.335938
1203.370267	12.359375
1213.342491	12.281250
1223.315168	12.195312
1233.288287	12.304688
1243.261839	12.414062
1253.235812	12.414062
1263.210196	12.359375
1263.962025	12.343750
1273.930924	12.382812
1283.900308	12.460938
1293.870164	12.335938
1303.840481	12.195312
1313.811250	12.242188
1323.782459	12.390625
1333.754100	12.648438
1343.726163	12.648438
1353.698637	12.648438
1363.671515	12.656250
1373.644787	12.625000
1383.618445	12.507812
1393.592480	12.382812
1394.345725	12.414062
1404.314780	12.382812
1414.284271	12.406250
1424.254191	12.421875
1434.224529	12.382812
1444.195278	12.375000
1454.166428	12.296875
1464.137972	12.148438
1474.109901	12.171875
1484.082208	12.195312
1494.054885	12.156250
1504.027925	12.078125
1514.001321	11.976562
1523.975065	11.867188
1533.949152	11.679688
1534.698667	11.687500
1544.668249	11.515625
1554.638222	11.367188
1564.608577	11.210938
1574.579309	11.054688
1584.550409	10.882812
1594.521872	10.679688
1604.493690	10.484375
1614.465856	10.242188
1624.438364	10.046875
1634.411209	9.859375
1644.384383	9.671875
1654.357881	9.531250
1664.331698	9.390625
1674.305826	9.218750
1675.052238	9.210938
1685.022255	9.062500
1694.992625	8.898438
1704.963343	8.781250
1714.934401	8.695312
1724.905795	8.656250
1734.877517	8.625000
1744.849564	8.523438
1754.821928	8.546875
1764.794606	8.570312
1774.767590	8.523438
1784.740878	8.500000
1794.714462	8.484375
1804.688339	8.531250
1805.436235	8.539062
1815.406291	8.453125
1825.376673	8.328125
1835.347379	8.242188
1845.318401	8.203125
1855.289735	8.171875
1865.261376	8.132812
1875.233319	8.101562
1885.205559	8.062500
1895.178092	7.960938
1905.150913	7.750000
1915.124017	7.507812
1925.097400	7.125000
1935.071058	6.695312
1945.044987	6.281250
1945.790328	6.250000
1955.760722	5.953125
1965.731416	5.687500
1975.702407	5.460938
1985.673689	5.242188
1995.645259	5.046875
2005.617112	4.929688
2015.589244	4.812500
2025.561651	4.687500
2035.534328	4.617188
2045.507272	4.539062
2055.480479	4.476562
2065.453945	4.445312
2075.427667	4.414062
2076.174366	4.359375
2086.144770	4.437500
2096.115455	4.546875
2106.086418	4.640625
2116.057655	4.640625
2126.029163	4.640625
2136.000936	4.914062
2145.972973	5.195312
2155.945268	5.421875
2165.917819	5.328125
2175.890622	5.156250
2185.863674	5.125000
2195.836970	5.289062
2205.810509	5.601562
2215.784286	5.390625
2216.528818	5.351562
2226.499495	4.921875
2236.470434	4.820312
2246.441631	4.796875
2256.413083	4.906250
2266.384786	5.156250
2276.356738	5.351562
2286.328935	5.414062
2296.301374	5.390625
2306.274051	5.351562
2316.246964	5.312500
2326.220110	5.312500
2336.193485	5.343750
2346.167087	5.375000
2356.140913	5.390625
2356.883536	5.382812
2366.854453	5.406250
2376.825614	5.414062
2386.797017	5.406250
2396.768658	5.367188
2406.740534	5.281250
2416.712643	5.078125
2426.684982	4.742188
2436.657547	4.445312
2446.630336	4.265625
2456.603346	3.984375
2466.576575	3.437500
2476.550020	2.812500
2486.523678	2.531250
2487.267577	2.632812
2497.238475	2.718750
2507.209604	3.085938
2517.180963	4.007812
2527.152548	5.320312
2537.124356	6.796875
2547.096386	8.351562
2557.068634	9.914062
2567.041098	11.476562
2577.013776	13.039062
2586.986664	14.601562
2596.959761	16.078125
2606.933064	12.000000
2616.906571	16.679688
2626.880279	17.562500
2627.622500	17.437500
2637.593600	17.437500
2647.564919	17.882812
2657.536453	17.882812
2667.508201	17.882812
2677.480159	18.593750
2687.452325	18.593750
