0.000000	18.859375
10.000000	18.859375
10.000000	18.859375
14.142136	19.523438
22.360680	19.523438
31.622777	19.523438
41.231056	21.023438
50.990195	21.023438
60.827625	21.023438
63.245553	20.507812
72.801099	21.226562
82.462113	21.226562
92.195445	21.226562
101.980390	20.359375
111.803399	20.359375
121.655251	20.359375
131.529464	19.437500
133.416641	19.437500
143.178211	19.437500
152.970585	19.437500
162.788206	19.796875
172.626765	19.796875
182.482876	19.796875
192.353841	20.867188
194.164878	20.867188
203.960781	20.867188
213.775583	20.867188
223.606798	22.656250
233.452351	22.656250
243.310501	22.656250
253.179778	20.632812
254.950976	21.000000
264.764046	21.000000
274.590604	21.000000
284.429253	18.632812
294.278779	18.632812
304.138127	18.632812
314.006369	19.609375
315.753068	19.609375
325.576412	19.609375
335.410197	19.609375
345.253530	19.429688
355.105618	19.429688
364.965752	19.429688
374.833296	18.437500
376.563408	18.437500
386.393582	18.437500
396.232255	18.437500
406.078810	18.062500
415.932687	18.062500
425.793377	18.062500
435.660418	17.109375
437.378555	19.351562
447.213595	16.000000
457.055795	16.000000
466.904701	16.000000
476.759898	19.257812
486.621002	19.257812
496.487663	18.609375
506.359556	18.609375
508.035432	18.609375
517.880295	18.609375
527.730992	17.609375
537.587202	17.609375
547.448628	17.609375
557.314992	16.843750
567.186036	16.843750
568.858506	16.843750
578.705452	16.843750
588.557559	17.906250
598.414572	14.765625
608.276253	13.078125
618.142378	12.812500
628.012739	12.484375
629.682460	12.445312
639.531078	11.960938
649.384324	10.617188
659.241989	8.195312
669.103878	5.609375
678.969808	3.296875
688.839604	1.632812
690.507060	1.367188
700.357052	0.164062
710.211236	-0.757812
720.069441	-1.039062
729.931504	-1.406250
739.797270	-1.429688
749.666593	-1.226562
751.332150	-1.289062
761.183289	-1.078125
771.038261	-1.101562
780.896920	-1.484375
790.759129	-1.757812
800.624756	-1.898438
810.493677	-2.125000
820.365772	-2.179688
822.009732	-2.203125
831.865374	-1.710938
841.724420	-0.804688
851.586754	0.179688
861.452262	0.796875
871.320836	1.320312
881.192374	1.765625
882.836338	1.906250
892.692556	2.148438
902.551938	2.343750
912.414380	2.468750
922.279784	2.531250
932.148057	2.554688
942.019108	2.593750
951.892851	2.648438
953.519795	2.695312
963.379468	2.851562
973.242005	3.023438
983.107319	3.117188
992.975327	3.203125
1002.845950	3.265625
1012.719112	3.296875
1022.594739	3.328125
1024.207010	3.312500
1034.069630	3.257812
1043.934864	3.218750
1053.802638	3.265625
1063.672882	3.320312
1073.545528	3.406250
1083.420509	3.445312
1093.297764	3.484375
1094.897255	3.453125
1104.762418	3.445312
1114.629983	3.429688
1124.499889	3.421875
1134.372073	3.468750
1144.246477	3.523438
1154.123044	3.601562
1164.001718	3.726562
1165.589979	3.718750
1175.457358	3.820312
1185.326959	3.945312
1195.198728	4.093750
1205.072612	4.281250
1214.948559	4.429688
1224.826518	4.531250
1226.417547	4.578125
1236.284757	4.679688
1246.154084	4.804688
1256.025477	4.867188
1265.898890	4.843750
1275.774275	4.773438
1285.651586	4.765625
1295.530779	4.757812
1297.112177	4.773438
1306.981255	4.789062
1316.852308	4.882812
1326.725292	4.960938
1336.600165	5.078125
1346.476884	5.250000
1356.355411	5.421875
1366.235704	5.562500
1367.808466	5.601562
1377.679208	5.695312
1387.551801	5.820312
1397.426206	6.000000
1407.302384	6.179688
1417.180299	6.320312
1427.059915	6.445312
1436.941196	6.609375
1438.506170	6.648438
1448.378404	6.835938
1458.252379	7.062500
1468.128060	7.304688
1478.005413	7.468750
1487.884404	7.578125
1497.765002	7.679688
1507.647174	7.750000
1509.205089	7.789062
1519.078668	7.812500
1528.953891	7.773438
1538.830725	7.757812
1548.709140	7.820312
1558.589106	7.812500
1568.470593	7.734375
1570.031847	7.781250
1579.905060	7.578125
1589.779859	7.437500
1599.656213	7.421875
1609.534094	7.562500
1619.413474	7.726562
1629.294326	7.875000
1639.176623	7.984375
1640.731544	7.976562
1650.605949	8.156250
1660.481858	8.429688
1670.359243	8.617188
1680.238078	8.671875
1690.118339	8.726562
1700.000000	8.953125
1709.883037	9.132812
1711.432149	9.179688
1721.307642	9.265625
1731.184566	9.343750
1741.062894	9.367188
1750.942603	9.414062
1760.823671	9.406250
1770.706074	9.390625
1780.589790	9.460938
1782.133553	9.437500
1792.010045	9.406250
1801.887899	9.468750
1811.767093	9.695312
1821.647606	9.953125
1831.529416	10.093750
1841.412501	10.156250
1851.296843	10.101562
1861.182420	10.125000
1862.713075	10.164062
1872.591787	10.281250
1882.471779	10.398438
1892.353033	10.523438
1902.235527	10.640625
1912.119243	10.750000
1922.004162	10.906250
1931.890266	11.281250
1933.416665	11.289062
1943.296169	11.625000
1953.176899	11.890625
1963.058838	12.187500
1972.941966	12.468750
1982.826266	12.875000
1992.711720	13.312500
2002.598312	13.757812
2004.120755	13.648438
2014.000993	14.093750
2023.882408	14.773438
2033.764982	15.648438
2043.648698	16.226562
2053.533540	16.390625
2063.419492	7.445312
2073.306538	7.273438
2074.825294	7.195312
2084.706214	6.929688
2094.588265	6.726562
2104.471430	6.515625
2114.355694	6.414062
2124.241041	6.218750
2134.127456	6.125000
2144.014925	5.968750
2153.903433	5.851562
2155.411794	5.828125
2165.294437	5.664062
2175.178154	5.585938
2185.062928	5.367188
2194.948747	5.320312
2204.835595	5.328125
2214.723459	5.351562
2224.612326	5.234375
2226.117697	5.210938
2236.000894	5.101562
2245.885126	4.843750
2255.770378	4.500000
2265.656638	4.054688
2275.543891	3.695312
2285.432125	3.500000
2295.321328	4.062500
2296.823894	4.179688
2306.707610	4.453125
2316.592325	4.445312
2326.478025	4.453125
2336.364698	4.875000
2346.252331	5.250000
2356.140913	5.546875
2366.030431	5.773438
2367.530359	5.968750
2377.414562	6.226562
2387.299730	6.523438
2397.185850	6.718750
2407.072911	6.835938
2416.960902	6.835938
2426.849810	6.718750
2436.739625	6.609375
2446.630336	6.945312
2448.121729	7.984375
2458.007323	12.000000
2467.893839	12.000000
2477.781266	12.000000
2487.669592	12.000000
2497.558808	12.000000
2507.448903	12.000000
2517.339866	12.000000
2527.231687	12.000000
2537.124356	12.000000
2547.017864	12.000000
2556.912200	12.000000
2566.807355	12.000000
2576.703320	12.000000
2586.600085	12.000000
2596.497641	12.000000
2606.395979	12.000000
2616.295090	12.000000
2626.194966	12.000000
2636.095598	12.000000
2645.996977	12.000000
2655.899094	12.000000
2665.801943	12.000000
2675.705514	12.000000
2685.609800	12.000000
2695.514793	12.000000
2705.420485	12.000000
2715.326868	12.000000
2725.233935	12.000000
2735.141678	12.000000
2745.050091	12.000000
2754.959165	12.000000
2764.868894	12.000000
2774.779271	12.000000
2784.690288	12.000000
2794.601939	12.000000
2804.514218	12.000000
2814.427118	12.000000
2824.340631	12.000000
2834.254752	12.000000
2844.169475	12.000000
2854.084792	12.000000
2864.000698	12.000000
2873.917187	12.000000
2883.834253	12.000000
2893.751890	12.000000
2903.670091	12.000000
2913.588852	12.000000
2923.508167	12.000000
2933.428029	12.000000
2943.348433	12.000000
2953.269375	12.000000
2963.190848	12.000000
2973.112847	12.000000
2983.035367	12.000000
2992.958403	12.000000
3002.881949	12.000000
3012.806001	12.000000
3022.730554	12.000000
3032.655602	12.000000
3042.581141	12.000000
3052.507166	12.000000
3062.433673	12.000000
3072.360656	12.000000
3082.288111	12.000000
3092.216034	12.000000
3102.144420	12.000000
3103.353025	12.000000
3113.278015	12.000000
3123.203484	12.000000
3133.129426	12.000000
3143.055838	15.734375
3152.982715	19.468750
3162.910052	19.468750
3172.837846	19.492188
3182.766093	19.492188
3192.694787	19.671875
3202.623924	19.671875
3212.553502	19.671875
3222.483514	24.226562
3232.413959	24.226562
3242.344831	24.226562
3252.276126	26.781250
3262.207841	26.781250
3272.139973	26.781250
3282.072516	28.992188
3292.005468	28.992188
3301.938824	28.992188
3311.872582	30.421875
3321.806737	30.421875
3331.741286	30.421875
3341.676226	29.421875
3351.611553	29.421875
3361.547263	29.421875
3371.483353	28.031250
3381.419820	28.031250
3391.356661	28.031250
3401.293871	33.046875
3411.231449	33.046875
3421.169391	33.046875
3431.107693	33.398438
3441.046352	33.398438
3450.985367	33.398438
3460.924732	27.812500
3470.864446	27.812500
3480.804505	27.812500
3490.744906	24.882812
3500.685647	24.882812
3510.626725	24.882812
3520.568136	21.937500
3530.509878	21.937500
3540.451949	21.937500
3550.394344	21.539062
3560.337063	21.539062
3570.280101	21.539062
3580.223457	8.671875
3590.167127	5.796875
3600.111109	5.890625
3610.055401	6.210938
3620.000000	6.843750
3629.944903	7.710938
3638.859712	8.242188
3639.890108	8.515625
3648.808025	9.156250
3658.756619	14.789062
3668.705494	14.140625
3678.654645	13.578125
3688.604072	13.289062
3698.553771	13.078125
3708.503741	12.218750
3718.453980	10.265625
3728.404484	7.593750
3738.355253	5.257812
3747.332385	3.414062
3748.306284	3.656250
3757.286255	1.953125
3767.240369	0.554688
3777.194726	-0.617188
3787.149324	-1.640625
3797.104160	-2.539062
3807.059233	-3.398438
3817.014540	-4.125000
3826.970081	-4.554688
3836.925853	-4.851562
3846.881854	-5.132812
3855.917530	-5.335938
3856.838083	-5.382812
3865.876356	-5.507812
3875.835394	-5.609375
3885.794642	-5.828125
3895.754099	-6.218750
3905.713763	-6.601562
3915.673633	-6.960938
3925.633707	-7.304688
3935.593983	-7.609375
3945.554460	-7.882812
3955.515137	-8.140625
3964.605907	-8.429688
3965.476012	-8.414062
3974.569159	-8.781250
3984.532595	-9.156250
3994.496214	-9.625000
4004.460014	-10.484375
4014.423994	-11.585938
4024.388152	-11.875000
4034.352488	-10.523438
4044.317000	-8.312500
4054.281687	-6.539062
4064.246548	-5.664062
4073.389252	-5.695312
4074.211580	-4.960938
4083.356463	-5.859375
4093.323833	-6.640625
4103.291362	-6.562500
4113.259048	-6.007812
4123.226892	-5.460938
4133.194890	-4.601562
4143.163043	-3.273438
4153.131349	-0.859375
4163.099807	2.953125
4173.068415	6.273438
4182.260155	9.359375
4183.037174	8.484375
4192.230910	10.593750
4202.201804	11.273438
4212.172836	11.890625
4222.144005	12.500000
4232.115310	13.117188
4241.344127	19.351562
4242.086751	13.593750
4251.317443	19.351562
4261.290884	21.882812
4271.264450	24.218750
4281.238139	24.218750
4290.501136	30.000000
4291.211950	29.414062
4300.476718	27.000000
4310.452412	24.000000
4320.428220	24.000000
4330.404138	25.000000
4339.700450	31.359375
4340.380168	26.000000
4349.678149	29.351562
4359.655950	29.351562
4369.633852	29.351562
4379.611855	26.820312
4388.940647	26.820312
4389.589958	26.820312
4398.920322	26.820312
4408.900090	26.921875
4418.879949	26.921875
4428.859898	26.921875
4438.220364	28.703125
4438.839939	28.703125
4448.201884	28.703125
4458.183487	28.703125
4468.165172	33.367188
4477.555136	33.273438
4478.146938	33.367188
4487.538301	33.273438
