0.000000	37.703125
10.000000	37.703125
10.000000	37.703125
14.142136	37.703125
20.000000	38.093750
22.360680	39.187500
30.000000	38.093750
31.622777	39.187500
40.000000	38.093750
41.231056	39.187500
50.000000	38.562500
50.990195	40.718750
60.000000	38.562500
60.827625	40.718750
70.000000	38.562500
70.710678	40.718750
80.000000	37.359375
80.622577	41.023438
90.000000	37.359375
90.553851	41.023438
100.000000	37.359375
100.498756	41.023438
110.000000	34.500000
110.453610	38.242188
120.000000	34.500000
120.415946	38.242188
130.000000	34.500000
130.384048	38.242188
140.000000	33.648438
140.356688	36.648438
150.000000	33.648438
150.332964	36.648438
160.000000	33.648438
160.312195	36.648438
170.000000	33.007812
170.293864	37.992188
180.000000	33.007812
180.277564	23.054688
190.000000	33.007812
190.262976	26.367188
200.000000	32.312500
200.249844	26.320312
210.000000	32.312500
210.237960	26.109375
220.000000	32.312500
220.227155	25.898438
230.000000	34.507812
230.217289	25.695312
240.000000	34.507812
240.208243	25.296875
250.000000	34.507812
250.199920	22.789062
260.000000	38.539062
260.192237	21.148438
270.000000	38.539062
270.185122	21.289062
280.000000	38.539062
280.178515	22.070312
290.000000	40.632812
290.172363	22.382812
300.000000	40.632812
300.166620	22.359375
310.000000	40.632812
310.161248	22.437500
320.000000	40.218750
320.156212	22.773438
330.000000	40.218750
330.151480	23.421875
340.000000	40.218750
340.147027	24.132812
350.000000	39.640625
350.142828	24.687500
360.000000	39.640625
360.138862	25.101562
370.000000	39.640625
370.135110	25.484375
380.000000	40.382812
380.131556	25.914062
390.000000	40.382812
390.128184	26.328125
400.000000	40.382812
400.124980	26.648438
410.000000	41.062500
410.121933	26.960938
420.000000	41.062500
420.119031	27.164062
430.000000	41.062500
430.116263	27.585938
440.000000	43.031250
440.113622	28.210938
450.111097	28.718750
460.108683	29.359375
470.106371	30.992188
480.104155	32.562500
490.102030	33.671875
500.099990	34.210938
510.098030	34.859375
520.096145	35.398438
530.094331	35.218750
540.092585	35.210938
550.090902	34.890625
550.363516	34.984375
560.357029	34.531250
570.350769	34.156250
580.344725	33.914062
590.338886	33.812500
600.333241	34.132812
610.327781	34.742188
620.322497	35.117188
630.317380	35.484375
640.312424	35.335938
650.307620	35.093750
660.302961	34.875000
670.298441	34.609375
680.294054	34.195312
690.289794	33.890625
700.285656	32.000000
710.281634	32.000000
720.277724	32.000000
730.273921	32.000000
740.270221	32.000000
750.266619	32.000000
760.263112	32.000000
770.259696	32.000000
780.256368	32.000000
790.253124	32.000000
800.249961	32.000000
810.246876	32.000000
820.243866	32.000000
830.240929	32.000000
840.238062	32.000000
850.235262	32.000000
860.232527	32.000000
870.229855	32.000000
880.227243	32.000000
890.224691	32.000000
900.222195	32.000000
910.219754	32.000000
920.217366	32.000000
930.215029	32.000000
940.212742	32.000000
950.210503	32.000000
960.208311	32.000000
970.206164	32.000000
980.204060	32.000000
990.202000	32.000000
1000.199980	32.000000
1010.198000	32.000000
1020.196060	32.000000
1030.194156	32.000000
1040.192290	32.000000
1050.190459	32.000000
1060.188662	32.000000
1070.186900	32.000000
1080.185169	32.000000
1090.183471	32.000000
1100.181803	32.000000
1100.409015	32.000000
1110.405331	32.000000
1120.401714	32.000000
1130.398160	32.000000
1140.394669	32.000000
1150.391238	32.000000
1160.387866	32.000000
1170.384552	32.000000
1180.381294	32.000000
1190.378091	32.000000
1200.374941	32.000000
1210.371844	32.000000
1220.368797	32.000000
1230.365799	32.000000
1240.362850	32.000000
1250.359948	32.000000
1260.357092	32.000000
1270.354281	32.000000
1280.351514	32.000000
1290.348790	32.000000
1300.346108	32.000000
1310.343466	32.000000
1320.340865	32.000000
1330.338303	32.000000
1340.335779	32.000000
1350.333292	32.000000
1360.330842	32.000000
1370.328428	32.000000
1380.326048	32.000000
1390.323703	32.000000
1400.321392	32.000000
1410.319113	32.000000
1420.316866	32.000000
1430.314651	32.000000
1440.312466	32.000000
1450.310312	32.000000
1460.308187	32.000000
1470.306091	32.000000
1480.304023	32.000000
1490.301983	32.000000
1500.299970	32.000000
1510.297984	32.000000
1520.296024	32.000000
1530.294089	32.000000
1540.292180	32.000000
1550.290295	32.000000
1560.288435	32.000000
1570.286598	32.000000
1580.284784	32.000000
1590.282994	32.000000
1600.281225	32.000000
1610.279479	32.000000
1620.277754	32.000000
1630.276050	32.000000
1640.274367	32.000000
1650.272705	32.000000
1660.271062	32.000000
1660.481858	32.000000
1670.478973	32.000000
1680.476123	32.000000
1690.473307	32.000000
1700.470523	32.000000
1710.467772	32.000000
1720.465053	32.000000
1730.462366	32.000000
1740.459709	32.000000
1750.457083	32.000000
1760.454487	32.000000
1770.451920	32.000000
1780.449381	32.000000
1790.446872	32.000000
1800.444390	32.000000
1810.441935	32.000000
1820.439507	32.000000
1830.437106	32.000000
1840.434731	32.000000
1850.432382	32.000000
1860.430058	32.000000
1870.427759	32.000000
1880.425484	32.000000
1890.423233	32.000000
1900.421006	32.000000
1910.418802	32.000000
1920.416621	32.000000
1930.414463	32.000000
1940.412327	32.000000
1950.410213	32.937500
1960.408121	32.937500
1970.406050	32.937500
1980.403999	34.617188
1990.401969	34.617188
2000.399960	34.617188
2010.397971	34.281250
2020.396001	34.281250
2030.394050	34.281250
2040.392119	34.382812
2050.390207	34.382812
2060.388313	34.382812
2070.386437	34.117188
2080.384580	34.117188
2090.382740	34.117188
2100.380918	34.203125
2110.379113	34.203125
2120.377325	34.203125
2130.375554	33.609375
2140.373799	33.609375
2150.372061	33.609375
2160.370339	33.156250
2170.368632	33.156250
2180.366942	33.156250
2190.365266	33.539062
2200.363606	33.539062
2210.361961	33.539062
2210.565538	34.429688
2220.562992	34.156250
2230.560468	34.156250
2240.557966	34.156250
2250.555487	34.890625
2260.553030	34.890625
2270.550594	34.890625
2280.548180	35.500000
2290.545786	35.500000
2300.543414	35.500000
2310.541062	35.500000
2320.538731	35.500000
2330.536419	35.500000
2340.534127	34.156250
2350.531855	34.156250
2360.529602	34.156250
2370.527367	33.382812
2380.525152	33.382812
2390.522955	33.382812
2400.520777	34.226562
2410.518616	34.226562
2420.516474	34.226562
2430.514349	33.468750
2440.512241	33.468750
2450.510151	33.468750
2460.508078	33.070312
2470.506021	33.070312
2480.503981	33.070312
2490.501957	33.070312
2500.499950	33.070312
2510.497959	33.070312
2520.495983	33.257812
2530.494023	33.257812
2540.492078	33.257812
2540.708563	33.257812
2550.705785	33.773438
2560.703028	33.773438
2570.700294	33.773438
2580.697580	33.492188
2590.694887	33.492188
2600.692216	33.492188
2610.689564	33.531250
2620.686933	33.531250
2620.934948	33.531250
2630.931394	33.531250
2640.927867	33.078125
2650.924367	33.078125
2660.920893	33.078125
2670.917445	32.726562
2680.914023	31.445312
2690.910627	29.000000
2700.907255	29.000000
2701.184925	29.000000
2711.180555	29.000000
2721.176216	29.000000
2731.171910	29.000000
2741.167634	29.000000
2751.163390	29.000000
2761.159177	29.000000
2771.154994	29.000000
2781.150841	29.000000
2781.456453	29.000000
2791.451235	29.000000
2801.446055	29.000000
2811.440912	29.000000
2821.435805	29.000000
2831.430734	29.000000
2841.425698	29.000000
2851.420699	29.000000
2861.415734	29.000000
2861.747718	29.000000
2871.741632	29.000000
2881.735588	29.000000
2891.729586	29.000000
2901.723626	29.000000
2911.717706	29.000000
2921.711827	29.000000
2931.705988	29.000000
2941.700189	29.000000
2942.057103	29.000000
2952.050135	29.000000
2962.043214	29.000000
2972.036339	29.000000
2982.029510	29.000000
2992.022727	29.000000
3002.015989	29.000000
3012.009296	29.000000
3012.391077	29.000000
3022.383166	29.000000
3032.375307	29.000000
3042.367499	29.000000
3052.359743	29.000000
3062.352037	29.000000
3072.344382	29.000000
3082.336776	29.000000
3092.329219	29.000000
3092.733419	29.000000
3102.724609	29.000000
3112.715856	29.000000
3122.707159	29.000000
3132.698517	29.000000
3142.689931	29.000000
3152.681398	29.000000
3162.672920	29.000000
3172.664495	29.000000
3173.089977	29.000000
3183.080269	29.000000
3193.070622	29.000000
3203.061036	29.000000
3213.051509	29.000000
3223.042041	29.000000
3233.032632	29.000000
3243.023281	29.000000
3253.013987	29.000000
3253.459697	29.000000
3263.449096	29.000000
3273.438559	29.000000
3283.428087	29.000000
3293.417678	29.000000
3303.407332	29.000000
3313.397048	29.000000
3323.386827	29.000000
3333.376666	29.000000
3333.841628	29.000000
3343.830139	29.000000
3353.818719	29.000000
3363.807367	29.000000
3373.796082	29.000000
3383.784863	29.000000
3393.773711	29.000000
3403.762624	29.000000
3413.751602	29.000000
3414.234907	29.000000
3424.222539	29.000000
3434.210244	29.000000
3444.198020	29.000000
3454.185866	29.000000
3464.173783	29.000000
3474.161769	29.000000
3484.149825	29.000000
3494.137948	29.000000
3494.638751	29.000000
3504.625515	29.000000
3514.612354	29.000000
3524.599268	29.000000
3534.586256	29.000000
3544.573317	29.000000
3554.560451	29.000000
3564.547657	29.000000
3574.534935	29.000000
3575.052447	29.000000
3585.038354	29.000000
3595.024339	29.000000
3605.010402	29.000000
3614.996542	29.000000
3624.982759	29.000000
3634.969051	29.000000
3644.955418	29.304688
3645.490365	29.304688
3655.475345	30.843750
3665.460408	32.468750
3675.445551	33.218750
3685.430775	33.218750
3695.416079	33.218750
3705.401463	33.031250
3715.386925	31.601562
3725.372465	29.968750
3725.922705	30.445312
3735.906851	29.000000
3745.891082	29.000000
3755.875397	29.000000
3765.859796	29.000000
3775.844276	29.000000
3785.828839	29.000000
3795.813483	29.000000
3805.798208	29.000000
3806.363094	29.000000
3816.346420	29.000000
3826.329834	29.000000
3836.313334	29.000000
3846.296920	29.000000
3856.280591	29.000000
3866.264347	29.000000
3876.248186	29.000000
3886.232108	29.000000
3886.811032	29.000000
3896.793554	29.000000
3906.776165	29.000000
3916.758864	29.000000
3926.741652	29.000000
3936.724527	29.000000
3946.707489	29.000000
3956.690536	29.000000
3966.673669	29.000000
3967.266061	29.000000
3977.247792	29.000000
3987.229615	29.000000
3997.211528	29.000000
4007.193532	29.000000
4017.175625	29.000000
4027.157807	29.000000
4037.140077	29.000000
4047.122435	29.000000
4047.727758	29.000000
4057.708713	29.000000
4067.689762	29.000000
4077.670904	29.000000
4087.652138	29.000000
4097.633463	29.000000
4107.614880	29.000000
4117.596386	29.000000
4127.577982	29.000000
4128.195732	29.000000
4138.175927	29.000000
4148.156217	29.000000
4158.136602	29.000000
4168.117081	29.789062
4178.097653	32.000000
4188.078318	32.000000
4198.059075	32.000000
4208.039924	32.000000
4208.669624	32.000000
4218.649073	32.000000
4228.628619	32.000000
4238.608262	32.000000
4248.588001	32.000000
4258.567834	32.000000
4268.547762	32.000000
4278.527784	32.000000
4279.170480	32.000000
4289.149100	32.000000
4299.127819	32.000000
4309.106636	32.000000
4319.085551	32.000000
4329.064564	32.000000
4339.043673	32.000000
4349.022879	32.000000
4359.002179	32.000000
4359.655950	32.000000
4369.633852	32.000000
4379.611855	32.000000
4389.589958	32.000000
4399.568161	31.976562
4409.546462	31.375000
4419.524861	30.968750
4429.503358	30.695312
4439.481952	30.429688
4440.146394	30.046875
4450.123594	29.781250
4460.100896	29.929688
4470.078299	29.828125
4480.055803	29.679688
4490.033407	29.812500
4500.011111	29.257812
4509.988914	28.109375
4519.966814	26.593750
4520.641547	26.531250
4530.618059	25.437500
4540.594675	25.109375
4550.571393	24.820312
4560.548213	24.515625
4570.525134	24.304688
4580.502156	24.289062
4590.479278	24.023438
4600.456499	23.601562
4601.141163	23.601562
4611.117001	23.054688
4621.092944	22.390625
4631.068991	21.523438
4641.045141	20.765625
4651.021393	20.218750
4660.997747	19.734375
4670.974202	19.632812
4680.950758	19.507812
4681.645010	19.507812
4691.620189	19.218750
4701.595474	19.164062
4711.570863	19.046875
4721.546357	19.281250
4731.521954	20.070312
4741.497654	20.898438
4751.473456	21.289062
4761.449359	21.242188
4762.152874	21.679688
4772.127408	21.585938
4782.102048	21.515625
4792.076794	21.460938
4802.051645	21.375000
4812.026600	21.242188
4822.001659	21.132812
4831.976821	21.000000
4841.952086	20.796875
4842.664556	21.242188
4852.638458	21.078125
4862.612467	20.851562
4872.586582	20.429688
4882.560804	19.867188
4892.535130	19.312500
4902.509561	18.695312
4912.484097	18.007812
4913.206692	18.195312
4923.179867	17.765625
4933.153150	17.539062
4943.126541	17.148438
4953.100039	16.476562
4963.073644	16.195312
4973.047355	16.046875
4983.021172	15.609375
4992.995093	15.281250
4993.726064	15.078125
5003.698632	14.867188
5013.671310	14.664062
5023.644096	14.554688
5033.616990	14.390625
5043.589991	14.218750
5053.563099	14.242188
5063.536314	14.507812
5073.509633	14.531250
5074.248713	14.132812
5084.220688	14.359375
5094.192772	15.335938
5104.164966	16.687500
5114.137268	19.109375
5124.109679	22.234375
5134.082196	22.828125
5144.054821	21.554688
5154.027551	42.812500
5154.774486	42.812500
5164.745880	42.812500
5174.717384	42.812500
5184.688997	37.687500
5194.660720	37.687500
5204.632552	37.687500
5214.604491	36.976562
5224.576538	36.976562
5234.548691	36.976562
5235.303239	36.882812
5245.274063	39.109375
5255.244999	39.109375
5265.216045	39.109375
5275.187200	38.851562
5285.158465	38.851562
5295.129838	38.851562
5305.101319	38.820312
5315.072906	38.820312
5315.834836	38.820312
5325.805103	38.820312
5335.775483	37.171875
5345.745972	37.171875
5355.716572	37.171875
5365.687281	37.679688
5375.658099	37.679688
5385.629025	37.679688
5395.600059	36.257812
5396.369150	36.257812
5406.338872	36.257812
5416.308706	36.257812
5426.278651	36.843750
5436.248707	36.843750
5446.218872	36.539062
5456.189146	36.210938
5466.159529	36.015625
5476.130020	36.015625
5476.906061	36.343750
5486.875249	36.343750
5496.844549	36.203125
5506.813961	35.750000
5516.783483	35.382812
5526.753116	35.000000
5536.722857	35.000000
5546.692708	35.000000
5547.476904	35.000000
5557.445456	35.000000
5567.414121	35.000000
5577.382899	35.000000
5587.351788	35.000000
5597.320788	35.000000
5607.289898	35.000000
5617.259118	35.000000
5627.228447	35.000000
5628.019190	35.000000
5637.987229	35.000000
5647.955382	35.000000
5657.923647	36.531250
5667.892024	37.000000
5677.860513	37.000000
5687.829111	37.000000
5697.797820	37.039062
5707.766639	37.039062
5708.563742	37.171875
5718.531280	37.171875
5728.498931	37.031250
5738.466694	37.031250
5748.434570	37.031250
5758.402556	41.007812
5768.370654	41.007812
5778.338862	41.007812
5788.307179	41.132812
5789.110467	41.132812
5799.077513	41.132812
5809.044672	41.132812
5819.011944	41.351562
5828.979327	41.351562
5838.946823	41.351562
5848.914429	38.148438
5858.882146	38.148438
5868.849973	38.148438
5869.659275	38.148438
