0.000000	16.257812
10.000000	16.132812
10.000000	16.257812
14.142136	16.257812
20.000000	16.132812
22.360680	16.257812
31.622777	17.031250
36.055513	17.031250
44.721360	17.031250
53.851648	17.031250
63.245553	16.351562
67.082039	18.132812
76.157731	18.132812
85.440037	18.132812
94.868330	16.890625
104.403065	16.890625
107.703296	16.890625
117.046999	16.890625
126.491106	16.343750
136.014705	16.343750
139.283883	16.343750
148.660687	16.343750
158.113883	15.890625
167.630546	15.890625
170.880075	17.632812
180.277564	17.632812
189.736660	16.507812
199.248588	16.507812
202.484567	16.507812
211.896201	16.507812
221.359436	15.796875
230.867928	15.796875
234.093998	15.796875
243.515913	15.796875
252.982213	15.601562
262.488095	15.601562
272.029410	15.601562
275.136330	16.359375
284.604989	15.828125
294.108823	10.648438
303.644529	9.507812
306.757233	8.656250
316.227766	7.281250
325.729949	5.890625
335.261092	4.421875
338.378486	3.250000
347.850543	1.007812
357.351368	-1.960938
366.878727	-4.632812
370.000000	-5.773438
379.473319	-7.500000
388.973007	-9.429688
398.497177	-11.296875
408.044115	-12.945312
411.096096	-13.882812
420.594817	-14.960938
430.116263	-15.492188
439.658959	-15.656250
442.718872	-15.859375
452.216762	-15.875000
461.735855	-15.804688
464.865572	-16.007812
474.341649	-16.007812
477.598157	-16.320312
487.031826	-16.468750
496.487663	-16.679688
499.799960	-17.250000
509.215082	-17.531250
512.640225	-18.117188
522.015325	-18.351562
525.547334	-18.984375
534.883165	-19.164062
544.242593	-19.195312
547.813837	-19.523438
557.135531	-19.085938
560.802996	-18.632812
570.087713	-17.726562
573.846669	-17.054688
583.095189	-16.406250
586.941224	-16.000000
596.154342	-15.656250
605.392435	-15.429688
609.261848	-15.250000
618.465844	-15.164062
622.414653	-15.054688
631.585307	-15.085938
635.609943	-15.070312
644.748013	-15.187500
653.911309	-15.296875
657.951366	-15.203125
667.083203	-15.156250
671.192968	-14.890625
680.294054	-14.750000
684.470598	-14.406250
693.541635	-14.101562
702.637887	-13.687500
706.823882	-13.273438
715.891053	-12.976562
720.138875	-12.789062
729.177619	-12.531250
733.484833	-12.335938
742.495791	-11.914062
751.531769	-11.429688
755.843899	-11.078125
764.852927	-10.476562
769.220385	-10.070312
778.203058	-9.453125
782.623792	-9.085938
791.580697	-8.476562
800.562302	-7.812500
804.984472	-7.296875
813.941030	-6.484375
818.413099	-5.921875
827.345152	-5.265625
831.865374	-4.859375
840.773453	-4.312500
849.705831	-3.773438
854.224795	-3.382812
863.133825	-2.835938
867.698104	-2.351562
876.584280	-1.710938
881.192374	-1.226562
890.056178	-0.703125
898.943825	-0.304688
903.548560	0.085938
912.414380	0.414062
917.060521	0.804688
925.904963	1.015625
930.591210	1.218750
939.414711	1.359375
948.261567	1.515625
952.942810	1.750000
961.769203	2.156250
966.488489	2.664062
975.294827	3.187500
980.051019	3.429688
988.837702	3.750000
997.647232	4.023438
1002.397127	4.070312
1011.187421	4.437500
1015.972441	4.531250
1024.743870	4.812500
1029.563014	4.867188
1038.315944	5.218750
1047.091209	5.640625
1051.903037	5.937500
1060.660172	6.140625
1065.504575	6.265625
1074.243920	6.398438
1079.120012	6.523438
1087.841900	6.750000
1092.748827	7.078125
1101.453585	7.398438
1110.180166	7.609375
1115.078473	7.750000
1123.788236	7.882812
1128.716085	8.109375
1137.409337	8.304688
1142.365966	8.320312
1151.043005	8.320312
1159.741350	8.351562
1164.688800	8.484375
1173.371212	8.546875
1178.346299	8.484375
1187.013058	8.531250
1192.015101	8.687500
1200.666482	8.773438
1209.338662	8.804688
1214.331092	8.937500
1222.988144	9.171875
1228.006515	9.531250
1236.648697	9.796875
1241.692393	9.640625
1250.319959	9.625000
1258.967831	9.781250
1264.001582	10.039062
1272.635062	10.570312
1277.693234	10.812500
1286.312559	11.250000
1291.394595	10.804688
1300.000000	9.976562
1308.625233	9.703125
1313.697073	10.492188
1322.308587	11.156250
1327.403480	12.062500
1336.001497	13.046875
1341.118936	14.179688
1349.703671	15.000000
1358.307771	15.000000
1363.414830	15.000000
1372.005831	15.000000
1377.134707	15.000000
1385.712813	15.000000
1394.309865	15.000000
1399.428455	14.000000
1408.012784	8.304688
1416.615685	8.281250
1421.724305	8.289062
1430.314651	8.296875
1438.923209	8.312500
1444.022160	8.312500
1452.618326	8.312500
1461.232357	8.343750
1466.321929	8.343750
1474.923727	8.343750
1483.543056	8.359375
1488.623525	8.359375
1497.230777	8.375000
1505.855239	8.375000
1510.926868	8.375000
1519.539404	8.406250
1528.168839	8.406250
1533.231881	8.406250
1541.849539	8.421875
1550.483795	8.437500
1555.538492	8.437500
1564.161117	8.437500
1572.800051	8.468750
1577.846634	8.468750
1586.474078	8.468750
1595.117551	8.484375
1600.156242	8.484375
1608.788364	8.500000
1617.436243	8.507812
1622.467257	8.500000
1631.103921	8.531250
1639.756079	8.531250
1644.779620	8.531250
1653.420697	8.921875
1662.077014	8.820312
1667.093279	8.210938
1675.738643	8.140625
1684.399003	8.070312
1689.408180	7.570312
1698.057714	7.507812
1706.722004	7.437500
1711.724277	6.835938
1720.377865	5.929688
1729.045980	4.148438
1734.041522	2.851562
1742.699056	2.375000
1747.712791	2.421875
1756.359872	2.640625
1765.021246	2.828125
1770.028248	2.929688
1778.679285	3.164062
1783.704011	3.343750
1792.344833	3.601562
1797.386992	3.835938
1806.017719	4.132812
1811.077028	4.375000
1819.697777	4.679688
1828.332574	5.000000
1833.384848	5.164062
1842.009772	5.343750
1847.078775	5.500000
1855.693940	5.773438
1860.779407	5.929688
1869.384926	6.093750
1878.004260	6.304688
1883.082579	6.554688
1891.692364	6.781250
1896.786757	6.945312
1905.387100	7.140625
1910.497317	7.218750
1919.088325	7.375000
1924.214125	7.507812
1932.795902	7.726562
1941.391254	7.890625
1946.509697	8.023438
1955.095906	8.187500
1960.229578	8.257812
1968.806745	8.320312
1973.955420	8.351562
1982.523644	8.328125
1987.687098	8.289062
1996.246478	8.382812
2004.819194	8.531250
2009.975124	8.703125
2018.539076	8.859375
2023.709465	8.890625
2032.264747	8.867188
2037.449386	8.851562
2045.996090	8.914062
2051.194774	8.953125
2059.732992	8.984375
2068.284313	8.953125
2073.475343	8.968750
2082.018252	9.031250
2087.223036	9.078125
2095.757620	9.093750
2100.975964	9.164062
2109.502311	9.257812
2114.734026	9.359375
2123.252222	9.437500
2131.783291	9.453125
2137.007253	9.414062
2145.530237	9.453125
2150.767305	9.539062
2159.282288	9.648438
2164.532282	9.632812
2173.039346	9.664062
2178.302091	9.648438
2186.801317	9.585938
2195.313190	9.429688
2200.568108	9.328125
2209.072203	9.421875
2214.339631	9.531250
2222.836026	9.539062
2228.115796	9.460938
2236.604569	9.382812
2241.896519	9.304688
2250.377746	9.273438
2258.871400	9.343750
2264.155472	9.468750
2272.641635	9.601562
2277.937664	9.632812
2286.416410	9.710938
2291.724242	9.703125
2300.195644	9.718750
2305.515127	9.656250
2313.979257	9.625000
2322.455597	9.664062
2327.767170	9.765625
2336.236289	9.937500
2341.559310	9.992188
2350.021276	10.039062
2355.355599	10.023438
2363.810483	10.171875
2369.155968	10.390625
2377.603836	10.562500
2386.063704	10.734375
2391.401263	10.968750
2399.854162	11.539062
2405.202694	12.171875
2413.648690	13.234375
2419.008061	14.218750
2427.447219	14.921875
2432.817297	15.312500
2441.249680	15.609375
2449.693858	15.875000
2455.056008	16.148438
2463.493454	14.976562
2468.866137	10.000000
2477.296914	10.000000
2482.680004	10.000000
2491.104173	10.500000
2496.497547	11.203125
2504.915168	11.234375
2513.344385	11.234375
2518.729839	12.000000
2527.152548	18.000000
2532.548124	18.000000
2540.964384	20.968750
2546.369965	20.968750
2554.779834	20.968750
2560.195305	20.968750
2568.598840	21.648438
2577.013776	21.648438
2582.421344	23.031250
2590.829983	23.031250
2596.247292	23.031250
2604.649689	23.421875
2610.076627	23.421875
2618.472837	23.421875
2626.880279	23.421875
2632.299375	26.250000
2640.700665	22.523438
2646.129249	22.523438
2654.524440	22.523438
2659.962406	22.523438
2668.351551	22.523438
2673.798796	23.843750
2682.181948	20.109375
2690.576146	20.109375
2696.015579	20.109375
2704.403816	20.109375
2709.852395	20.109375
2718.234721	19.203125
2723.692347	21.031250
2732.068813	21.031250
2737.535388	21.031250
2745.906044	21.031250
2754.287567	19.781250
2759.746365	19.781250
2768.122107	19.781250
2773.589732	18.929688
