0.000000	22.117188
10.000000	22.117188
20.000000	23.031250
22.360680	23.031250
31.622777	23.031250
41.231056	12.617188
44.721360	12.648438
53.851648	12.304688
63.245553	12.101562
67.082039	12.085938
76.157731	11.984375
85.440037	11.906250
89.442719	11.867188
98.488578	11.796875
107.703296	11.734375
117.046999	11.695312
120.830460	11.687500
130.000000	11.640625
139.283883	11.617188
143.178211	11.664062
152.315462	11.726562
161.554944	11.796875
170.880075	11.851562
174.642492	11.906250
183.847763	11.976562
193.132079	12.085938
196.977156	12.179688
206.155281	12.250000
215.406592	12.281250
219.317122	12.335938
228.473193	12.382812
237.697286	12.492188
246.981781	12.484375
250.798724	12.414062
260.000000	12.359375
269.258240	12.539062
273.130006	12.578125
282.311884	12.726562
291.547595	12.812500
300.832179	12.851562
304.630924	12.835938
313.847097	12.906250
323.109888	12.960938
326.955654	12.828125
336.154726	12.585938
345.398321	12.546875
354.682957	12.843750
358.468967	13.085938
367.695526	13.593750
376.961536	14.101562
380.788655	14.390625
390.000000	14.765625
399.249296	14.921875
403.112887	14.781250
412.310563	14.789062
421.544778	14.828125
430.813185	14.906250
434.626276	14.890625
443.846820	14.968750
453.100430	15.046875
462.385121	18.039062
466.154481	18.039062
475.394573	20.640625
484.664833	20.640625
493.963561	20.640625
497.694686	20.640625
506.951674	19.031250
516.236380	19.031250
525.547334	19.031250
529.244745	19.492188
538.516481	19.078125
547.813837	19.078125
551.543289	19.078125
560.802996	19.078125
570.087713	20.359375
579.396237	20.359375
583.095189	20.359375
592.368129	20.359375
601.664358	25.148438
610.982815	25.148438
614.654374	25.960938
623.939100	25.960938
633.245608	25.148438
642.572953	25.148438
646.219777	25.148438
655.515065	25.148438
664.830806	24.656250
674.166152	24.656250
677.790528	24.656250
687.095335	24.656250
696.419414	23.171875
700.071425	22.976562
709.365914	22.976562
718.679344	22.976562
728.010989	22.226562
731.641989	22.226562
740.945342	22.226562
750.266619	22.226562
759.605161	24.367188
763.216876	24.367188
772.528317	24.367188
781.856764	24.367188
791.201618	25.812500
794.795571	25.406250
804.114420	25.406250
813.449445	25.406250
822.800097	26.437500
826.377638	26.437500
835.703297	26.437500
845.044378	26.437500
848.645980	26.437500
857.962703	25.320312
867.294644	25.320312
876.641318	25.320312
880.227243	23.406250
889.550448	23.320312
898.888202	23.320312
908.240056	23.320312
911.811384	23.320312
921.140597	23.500000
930.483745	23.500000
939.840412	23.500000
943.398113	23.500000
952.732911	26.351562
962.081078	26.351562
971.442227	26.351562
974.987179	27.437500
984.327181	28.203125
993.680029	28.203125
1003.045363	28.203125
1006.578363	28.203125
1015.923225	28.789062
1025.280449	28.789062
1028.834292	28.789062
1038.171469	28.789062
1047.520883	28.250000
1056.882207	28.250000
1060.424443	28.453125
1069.766330	28.453125
1079.120012	27.648438
1088.485186	27.648438
1092.016483	27.648438
1101.362792	27.648438
1110.720487	25.382812
1120.089282	22.671875
1123.610253	25.382812
1132.960723	22.218750
1142.322196	12.906250
1151.694404	12.898438
1155.205609	12.671875
1164.560003	12.664062
1173.925040	12.617188
1177.454882	12.421875
1186.802427	12.203125
1196.160524	11.117188
1205.528930	9.187500
1209.049213	9.640625
1218.400591	8.039062
1227.762192	7.257812
1237.133784	7.257812
1243.100961	7.734375
1246.515142	7.671875
1252.517465	8.164062
1261.942946	8.531250
1271.377206	8.851562
1280.820050	9.195312
1290.271289	9.578125
1299.730741	9.843750
1306.024502	9.882812
1309.198228	9.875000
1315.522710	9.632812
1325.028302	9.187500
1334.541120	8.953125
1344.061011	9.078125
1353.587825	9.250000
1363.121418	9.445312
1369.707998	9.601562
1372.661648	9.585938
1379.275172	9.570312
1388.848444	9.492188
1398.427689	9.484375
1408.012784	9.656250
1417.603612	10.031250
1427.200056	10.460938
1434.050208	10.906250
1436.802004	10.937500
1443.675864	11.406250
1453.306575	11.875000
1462.942241	12.234375
1472.582765	12.382812
1482.228053	12.406250
1489.295135	12.265625
1491.878011	12.359375
1498.966310	12.234375
1508.641773	12.195312
1518.321442	12.101562
1528.005236	11.906250
1537.693077	11.656250
1547.384891	11.445312
1554.670383	11.406250
1557.080602	11.343750
1564.384863	11.773438
1574.102919	12.531250
1583.824485	13.031250
1593.549497	13.343750
1603.277892	13.492188
1613.009609	13.359375
1620.493752	13.156250
1622.744589	13.140625
1630.245380	13.000000
1640.000000	12.984375
1649.757558	13.117188
1659.518002	13.257812
1669.281282	13.429688
1679.047349	13.609375
1686.712779	13.804688
1688.816153	13.781250
1696.496390	13.976562
1706.282509	14.109375
1716.071094	14.273438
1725.862103	14.421875
1735.655496	14.515625
1745.451231	14.640625
1753.282636	14.773438
1755.249270	14.726562
1763.093872	14.812500
1772.907217	14.960938
1782.722637	15.507812
1792.540097	16.164062
1794.463708	16.156250
1804.272707	16.156250
1814.083791	16.609375
1823.896927	16.796875
1833.712082	15.328125
1843.529224	17.148438
1853.348321	22.242188
1863.169343	22.242188
1865.073725	22.242188
1874.886663	22.867188
1884.701568	22.867188
1894.518408	22.867188
1904.337155	22.203125
1914.157778	22.203125
1923.980249	22.203125
1933.804540	22.117188
1943.630623	22.117188
1945.507646	22.117188
1955.326060	22.117188
1965.146305	22.007812
1974.968354	22.007812
1984.792181	22.007812
1994.617758	21.859375
2004.445060	21.859375
2014.274063	21.859375
2024.104740	19.656250
2025.956564	23.109375
2035.779949	23.109375
2045.605045	21.000000
2055.431828	17.921875
2065.260274	17.921875
2075.090359	17.921875
2084.922061	16.859375
2094.755356	16.859375
2104.590221	16.859375
2106.418762	16.859375
2116.246677	17.140625
2126.076198	17.140625
2135.907301	17.140625
2145.739966	17.023438
2155.574169	17.023438
2165.409892	17.023438
2175.247112	16.742188
2185.085811	16.742188
2186.892773	16.742188
2196.724835	16.742188
2206.558406	16.429688
2216.393467	16.429688
2226.229997	16.429688
2236.067977	16.890625
2245.907389	16.890625
2255.748213	16.890625
2265.590431	17.593750
2267.377340	19.273438
2277.213209	19.273438
2287.050502	19.273438
2296.889201	19.101562
2306.729286	19.101562
2316.570741	19.101562
2326.413549	18.992188
2336.257691	18.992188
2346.103152	18.992188
2347.871376	18.992188
2357.710754	17.820312
2367.551478	17.820312
2377.393531	17.820312
2387.236896	17.070312
2397.081559	17.070312
2406.927502	17.070312
2416.774710	18.539062
2426.623168	18.539062
2428.373942	18.539062
2438.216561	18.539062
2448.060457	17.281250
2457.905613	17.281250
2467.752013	17.281250
2477.599645	17.179688
2487.448492	17.179688
2497.298540	17.179688
2507.149776	19.890625
2508.884214	19.890625
2518.729839	19.890625
2528.576675	19.890625
2538.424708	21.562500
2548.273926	21.562500
2558.124313	21.562500
2567.975857	20.640625
2577.828544	20.640625
2587.682361	20.640625
2589.401475	22.000000
2599.249892	20.750000
2609.099462	20.750000
2618.950171	20.750000
2628.802009	21.132812
2638.654960	21.132812
2648.509015	21.132812
2658.364159	22.320312
2668.220381	22.320312
2669.925093	22.320312
2679.776110	22.320312
2689.628227	22.320312
2699.481432	22.320312
2709.335712	22.320312
2719.191056	17.187500
2729.047453	17.187500
2738.904891	14.218750
2748.763358	14.195312
2750.454508	14.023438
2760.307954	14.000000
2770.162450	13.984375
2780.017986	13.960938
2789.874549	13.882812
2799.732130	13.781250
2809.590718	13.726562
2811.280847	13.687500
2821.134524	13.656250
2830.989226	13.656250
2840.844945	13.617188
2850.701668	13.562500
2852.402496	13.546875
2862.254356	13.484375
2872.107240	13.406250
2881.961138	13.289062
2891.816038	13.156250
2893.527259	13.093750
2903.377344	12.953125
2913.228450	12.835938
2923.080567	12.726562
2932.933685	12.593750
2934.655005	12.585938
2944.503354	12.484375
2954.352721	12.359375
2964.203097	12.210938
2974.054472	12.054688
2975.785611	11.984375
2985.632261	11.804688
2995.479928	11.632812
3005.328601	11.429688
3015.178270	11.257812
3025.028925	11.109375
3026.763949	11.023438
3036.609952	10.890625
3046.456959	10.734375
3056.304959	10.546875
3066.153943	10.320312
3067.898303	10.164062
3077.742679	9.898438
3087.588055	9.601562
3097.434422	9.304688
3107.281770	8.984375
3109.035220	8.726562
3118.878003	8.273438
3128.721784	7.687500
3138.566552	6.976562
3148.412298	6.234375
3150.174598	5.796875
3160.015823	5.203125
3169.858041	4.617188
3179.701244	4.039062
3189.545422	3.429688
3191.316343	3.031250
3201.156041	2.351562
3210.996730	1.757812
3220.838400	1.289062
3230.681043	0.914062
3232.460363	0.796875
3242.298567	0.414062
3252.137758	-0.210938
3261.977928	-1.007812
3271.819066	-1.593750
3281.661165	-1.765625
3283.443315	-1.765625
3293.281039	-1.664062
3303.119737	-1.546875
3312.959402	-1.242188
3322.800024	-0.945312
3324.590200	-0.914062
3334.426487	-0.976562
3344.263746	-1.179688
3354.101966	-1.367188
3363.941141	-1.562500
3365.739146	-1.554688
3375.574025	-1.703125
3385.409872	-1.734375
3395.246677	-1.812500
3405.084434	-1.843750
3406.890077	-1.921875
3416.723577	-2.132812
3426.558040	-2.179688
3436.393458	-1.992188
3446.229824	-1.718750
3448.042923	-1.593750
3457.875070	-1.039062
3467.708177	-0.703125
3477.542236	-0.726562
3487.377238	-0.890625
3497.213176	-1.015625
3499.028437	-1.023438
3508.860214	-0.820312
3518.692939	-0.570312
3528.526605	-0.609375
3538.361203	-0.867188
3540.183611	-0.921875
3550.014084	-0.984375
3559.845502	-0.804688
3569.677857	-0.421875
3579.511140	-0.382812
3589.345344	-0.476562
3591.169726	-0.375000
3600.999861	-0.367188
3610.830929	-0.250000
3620.662923	-0.101562
3630.495834	0.070312
3640.329655	0.531250
3642.155955	0.750000
3651.985761	0.929688
3661.816489	1.171875
3671.648131	1.429688
3681.480680	1.851562
3683.313725	2.132812
3693.142293	2.515625
3702.971780	2.789062
3712.802176	3.000000
3722.633476	2.929688
3732.465673	2.679688
3734.300470	2.710938
3744.128737	2.304688
3753.957911	2.242188
3763.787986	2.093750
3773.618953	1.843750
3783.450806	1.656250
3785.287307	1.734375
3795.115282	1.546875
3804.944152	1.585938
3814.773912	1.859375
3824.604555	2.078125
3826.447439	2.289062
3836.274234	2.296875
3846.101923	2.453125
3855.930497	3.789062
3865.759951	5.914062
3875.590278	8.125000
3877.434719	11.093750
3887.261247	13.257812
3897.088657	14.234375
3898.948576	16.000000
3908.772186	15.320312
3918.596688	15.265625
3928.422075	15.578125
3930.292610	15.992188
3940.114212	14.757812
3949.936708	12.000000
3951.822364	12.000000
3961.641074	12.000000
3971.460688	13.640625
3973.361297	13.812500
3983.177124	18.890625
3992.993864	18.890625
4002.811512	18.890625
4004.722213	18.890625
4014.536088	17.687500
4024.350879	17.687500
4026.276195	17.007812
4036.087214	17.007812
4045.899158	17.398438
4055.712021	17.398438
4057.647101	17.398438
4067.456208	17.398438
4077.266241	17.960938
4079.215611	17.960938
4089.021888	17.960938
