0.000000	48.070312
10.000000	48.070312
14.142136	48.070312
22.360680	49.671875
31.622777	49.671875
41.231056	49.671875
44.721360	50.468750
53.851648	52.078125
63.245553	52.078125
72.801099	52.078125
76.157731	52.078125
85.440037	52.632812
94.868330	52.632812
104.403065	52.632812
107.703296	52.632812
117.046999	52.531250
126.491106	52.531250
136.014705	52.531250
139.283883	52.531250
148.660687	52.460938
158.113883	52.460938
167.630546	52.460938
170.880075	52.460938
180.277564	52.328125
189.736660	52.328125
199.248588	52.328125
208.806130	52.296875
211.896201	52.296875
221.359436	52.296875
230.867928	52.296875
240.416306	52.296875
243.515913	52.289062
252.982213	52.289062
262.488095	52.289062
272.029410	53.273438
275.136330	53.273438
284.604989	53.273438
294.108823	53.273438
303.644529	54.812500
306.757233	54.812500
316.227766	54.812500
325.729949	54.812500
335.261092	54.273438
338.378486	53.531250
347.850543	53.531250
357.351368	53.531250
366.878727	50.531250
370.000000	50.531250
379.473319	50.531250
388.973007	50.531250
398.497177	50.601562
408.044115	50.601562
411.096096	50.601562
420.594817	54.109375
430.116263	53.460938
439.658959	53.460938
442.718872	52.328125
452.216762	51.218750
461.735855	51.218750
471.274867	50.140625
474.341649	50.078125
483.838816	50.078125
493.355855	49.554688
502.891638	49.554688
505.964426	49.882812
515.460959	50.351562
524.976190	50.351562
534.509121	51.156250
537.587202	51.851562
547.083175	51.851562
556.596802	52.562500
566.127194	52.562500
575.673519	52.742188
578.705452	53.742188
588.217647	53.742188
597.745765	52.796875
607.289058	50.867188
610.327781	50.867188
619.838689	50.867188
629.364759	50.867188
638.905314	45.351562
641.950154	42.031250
651.459899	42.031250
660.984115	42.031250
670.522185	41.796875
673.572565	41.796875
683.081254	32.125000
692.603783	32.210938
702.139587	32.273438
705.195008	32.250000
714.702735	32.062500
724.223722	31.960938
733.757453	32.132812
736.817481	32.179688
746.324326	32.375000
755.843899	29.921875
765.375725	26.468750
774.919351	24.406250
777.946014	24.062500
787.464285	23.796875
796.994354	23.601562
806.535802	23.515625
809.567786	23.554688
819.084855	23.429688
828.613299	23.132812
838.152731	23.062500
841.189634	23.109375
850.705589	23.125000
860.232527	23.179688
869.770085	23.398438
872.811549	23.460938
882.326470	23.445312
891.852006	23.484375
901.387819	23.828125
904.433524	23.992188
913.947482	24.484375
923.471710	25.054688
933.005895	25.601562
936.055554	25.812500
945.568612	26.359375
955.091619	26.953125
964.624279	27.742188
974.166310	28.531250
977.189848	28.750000
986.711711	29.687500
996.242942	30.578125
1005.783277	31.445312
1008.811182	31.656250
1018.331969	32.406250
1027.861858	32.992188
1037.400598	33.546875
1040.432602	33.687500
1049.952380	34.140625
1059.481005	34.554688
1069.018241	34.820312
1072.054103	34.929688
1081.572929	35.234375
1091.100362	35.507812
1100.636180	35.796875
1103.675677	35.929688
1113.193604	36.132812
1122.719912	36.234375
1132.254388	36.367188
1135.297318	36.476562
1144.814395	36.609375
1154.339638	36.804688
1163.872845	37.125000
1173.413823	37.328125
1176.435294	37.406250
1185.959527	37.531250
1195.491531	37.625000
1205.031120	37.726562
1208.056290	37.789062
1217.579566	37.875000
1227.110427	38.062500
1236.648697	38.109375
1239.677377	38.093750
1249.199744	38.171875
1258.729518	38.257812
1268.266534	38.343750
1271.298549	38.390625
1280.820050	38.476562
1290.348790	38.562500
1299.884610	38.648438
1302.919798	38.695312
1312.440475	38.781250
1321.968230	38.882812
1331.502910	38.929688
1341.044369	39.101562
1344.061011	39.359375
1353.587825	39.578125
1363.121418	39.703125
1372.661648	39.812500
1375.681649	39.875000
1385.207566	39.921875
1394.740119	40.000000
1404.279175	40.101562
1407.302384	40.171875
1416.827442	40.242188
1426.359001	40.328125
1435.896932	40.390625
1438.923209	40.437500
1448.447445	40.500000
1457.978052	40.500000
1467.514906	40.500000
1470.544117	40.500000
1480.067566	40.500000
1489.597261	40.500000
1499.133083	40.500000
1502.165104	40.500000
1511.687798	40.500000
1521.216618	38.812500
1530.751449	38.460938
1540.292180	38.515625
1543.308135	38.546875
1552.836115	38.546875
1562.369995	38.601562
1571.909667	38.601562
1574.928570	38.671875
1584.455743	38.726562
1593.988708	38.726562
1603.527362	38.781250
1606.549097	38.812500
1616.075493	38.812500
1625.607579	38.867188
1635.145253	38.867188
1638.169710	38.937500
1647.695360	39.000000
1657.226599	39.000000
1666.763331	39.078125
1669.790406	39.109375
1679.315337	39.109375
1688.845760	39.195312
1698.381583	39.195312
1701.411179	39.250000
1710.935417	39.328125
1720.465053	39.328125
1730.000000	39.382812
1739.540169	39.382812
1742.555595	39.414062
1752.084473	39.453125
1761.618574	39.453125
1771.157813	39.476562
1774.175865	39.546875
1783.704011	39.546875
1793.237296	39.554688
1802.775638	39.554688
1805.796223	39.593750
1815.323663	39.601562
1824.856159	39.601562
1834.393633	39.609375
1837.416665	39.679688
1846.943421	39.679688
1856.475155	39.687500
1866.011790	39.687500
1869.037185	39.726562
1878.563281	39.734375
1888.094277	39.734375
1897.630101	39.734375
1900.657781	39.804688
1910.183237	39.804688
1919.713520	39.804688
1929.248558	39.804688
1938.788281	39.781250
1941.803286	39.804688
1951.332878	39.804688
1960.867155	39.750000
1970.406050	39.750000
1973.423421	39.789062
1982.952344	39.695312
1992.485885	39.695312
2002.023976	39.585938
2005.043640	39.593750
2014.571915	39.593750
2024.104740	39.476562
2033.642053	39.476562
2043.183790	39.351562
2046.191584	39.375000
2055.723717	39.375000
2065.260274	39.257812
2074.801195	39.257812
2084.346420	39.148438
2093.895890	39.148438
2103.449548	39.031250
2113.007336	39.218750
2115.963138	39.046875
2125.511703	39.937500
2135.064402	40.125000
2144.621179	40.117188
2154.181979	40.101562
2163.746750	40.093750
2173.315440	40.078125
2176.235281	40.093750
2185.795050	40.078125
2195.358741	40.070312
2204.926303	40.054688
2214.497686	40.046875
2224.072841	40.039062
2233.651719	38.992188
2236.537502	39.429688
2246.107745	38.820312
2255.681715	38.820312
2265.259367	38.812500
2274.840654	38.812500
2284.425530	38.812500
2294.013949	38.781250
2296.867432	38.835938
2306.447485	38.734375
2316.031088	38.515625
2325.618197	38.421875
2335.208770	38.187500
2344.802764	38.148438
2354.400136	38.062500
2364.000846	37.968750
2366.812202	38.062500
2376.404848	37.820312
2386.000838	37.515625
2395.600134	37.359375
2405.202694	37.125000
2414.808481	36.843750
2424.417456	36.773438
2427.200033	36.867188
2436.801182	36.859375
2446.405526	36.718750
2456.013029	36.460938
2465.623653	36.281250
2475.237362	36.140625
2484.854120	36.007812
2487.609294	36.109375
2497.218453	35.937500
2506.830668	35.789062
2516.445906	35.750000
2526.064132	35.679688
2535.685312	35.453125
2545.309411	35.421875
2548.038461	35.500000
2557.655176	35.445312
2567.274820	35.281250
2576.897359	35.070312
2586.522762	34.750000
2596.150997	34.648438
2605.782032	34.710938
2615.415837	34.781250
2618.110005	34.789062
2627.736669	34.765625
2637.366110	34.718750
2646.998300	34.468750
2656.633208	34.109375
2666.270804	33.640625
2675.911060	33.601562
2678.581714	33.671875
2688.215021	33.531250
2695.199436	33.445312
2697.850997	33.492188
2704.847500	33.414062
2714.498112	33.406250
2724.151244	33.414062
2733.806870	33.390625
2740.894015	33.250000
2743.464962	33.328125
2750.563579	33.109375
2760.235497	33.093750
2769.909746	33.023438
2777.084802	32.968750
2779.586300	33.000000
2786.772327	32.867188
2796.462051	32.750000
2806.153952	32.765625
2813.414296	33.015625
2815.848007	33.007812
2823.118843	33.140625
2832.825445	32.992188
2842.534081	32.929688
2852.244730	32.656250
2859.597874	32.304688
2861.957372	32.382812
2869.320477	32.242188
2879.044981	32.070312
2888.771365	32.203125
2896.204413	32.140625
2898.499612	32.218750
2905.942188	31.625000
2915.681738	31.523438
2925.423046	31.593750
2935.166094	31.640625
2942.685848	31.218750
2944.910865	31.312500
2952.439669	30.937500
2962.195132	30.906250
2971.952220	30.937500
2979.546945	30.625000
2981.710918	30.718750
2989.314303	29.898438
2999.083193	29.585938
3008.853602	29.234375
3016.521175	29.664062
3018.625515	29.726562
3026.301373	29.804688
3036.083003	30.125000
3045.866051	30.125000
3055.650504	29.593750
3063.396807	29.132812
3065.436347	29.140625
3073.190525	29.218750
3082.985566	29.203125
3092.781919	29.429688
3100.596717	29.742188
3102.579572	29.679688
3110.401903	29.820312
3120.208326	30.085938
3130.015974	30.406250
3137.897385	30.250000
3139.824836	30.179688
3147.713456	30.289062
3157.530681	30.773438
3167.349049	30.750000
3177.168551	30.656250
3185.121662	30.671875
3186.989175	30.632812
3194.949139	30.953125
3204.777683	30.984375
3214.607286	31.093750
3222.623155	30.953125
3224.437936	30.859375
3232.460363	30.945312
3242.298567	31.000000
3252.137758	31.039062
3261.977928	31.031250
3270.061162	31.250000
3271.819066	31.132812
3279.908535	31.296875
3289.756830	31.304688
3299.606037	31.023438
3307.748479	30.351562
3309.456149	30.648438
3317.604558	30.156250
3327.461495	30.429688
3337.319283	30.789062
3345.519392	30.953125
3347.177916	31.156250
3355.383734	31.312500
3365.248876	31.265625
3375.114813	31.195312
3384.981536	31.132812
3393.243286	31.023438
3394.849039	31.078125
3403.116219	31.218750
3412.989892	32.515625
3422.864298	32.828125
3431.180555	33.453125
3432.739431	32.882812
3441.060883	34.070312
3450.941900	36.671875
3460.823601	37.125000
3470.705980	37.117188
3479.080338	37.109375
3480.589031	37.109375
3488.968329	36.250000
3498.856956	33.101562
3508.746215	32.281250
3517.172160	32.226562
3518.636099	32.218750
3527.066770	32.164062
3536.961973	32.101562
3546.857764	32.117188
3555.334021	41.140625
3556.754138	34.484375
3565.234915	43.421875
3575.136361	43.421875
3585.038354	43.421875
3594.940890	44.156250
3603.470549	44.046875
3604.843963	44.156250
3613.377921	45.523438
3623.285802	45.523438
3633.194187	45.523438
3641.771547	43.906250
3643.103073	43.906250
3651.684543	43.906250
3661.598012	43.906250
3671.511950	41.101562
3680.135867	41.101562
3681.426354	41.101562
3690.054200	41.101562
3699.972973	40.500000
3709.892182	40.500000
3719.811823	40.500000
3728.484947	42.023438
3729.731894	43.117188
3738.408752	42.023438
3748.332963	42.023438
3758.257575	49.468750
3766.974914	49.468750
3768.182586	49.468750
3776.903494	49.468750
3786.832449	50.859375
3796.761778	50.859375
3806.691477	50.859375
3815.455412	49.421875
3816.621543	49.421875
3825.388869	49.421875
3835.322672	49.421875
3845.256818	48.421875
3854.062791	47.203125
3855.191305	48.421875
3864.000518	47.203125
3873.938564	50.687500
3883.876929	50.687500
3892.723982	50.687500
3893.815609	50.687500
3902.665756	56.625000
3912.607826	56.851562
3922.550191	56.851562
3932.492848	55.789062
3941.383006	55.789062
3942.435795	55.789062
3951.328890	55.789062
3961.275047	52.382812
3971.221475	52.382812
3980.150751	51.562500
3981.168170	52.382812
3990.100249	51.421875
4000.050000	51.421875
4010.000000	51.421875
4019.950248	50.156250
4028.920451	50.156250
4029.900743	50.156250
4038.873605	50.156250
4048.826991	51.882812
4058.780605	51.882812
4067.788097	51.882812
4068.734447	51.882812
4077.744475	51.726562
4087.701065	51.726562
4097.657868	51.726562
4106.701840	52.921875
4107.614880	51.796875
4116.661269	52.921875
