0.000000	31.171875
10.000000	31.171875
10.000000	31.171875
14.142136	28.726562
22.360680	28.726562
28.284271	28.726562
36.055513	22.757812
42.426407	22.757812
50.000000	23.078125
56.568542	23.078125
64.031242	23.078125
70.710678	23.078125
78.102497	23.078125
84.852814	19.992188
92.195445	20.687500
100.000000	20.687500
106.301458	20.687500
114.017543	15.015625
120.415946	15.117188
128.062485	15.210938
134.536240	15.312500
142.126704	15.406250
148.660687	15.507812
156.204994	15.476562
164.012195	14.585938
170.293864	14.156250
178.044938	12.601562
184.390889	12.125000
192.093727	13.882812
198.494332	14.250000
206.155281	12.250000
212.602916	10.960938
220.227155	10.343750
228.035085	9.187500
234.307490	7.851562
242.074369	6.257812
248.394847	5.085938
256.124969	4.648438
262.488095	4.570312
270.185122	4.515625
276.586334	4.390625
284.253408	4.351562
290.688837	4.031250
298.328678	3.968750
304.795013	3.804688
312.409987	3.570312
320.156212	3.570312
326.496554	3.609375
334.215499	3.828125
340.587727	3.984375
348.281495	4.039062
354.682957	3.882812
362.353419	3.671875
368.781778	3.671875
376.430604	3.546875
382.883794	3.593750
390.512484	3.453125
396.988665	3.429688
404.598566	3.125000
411.096096	2.953125
418.688428	2.554688
426.380112	2.476562
432.781700	2.710938
440.454311	3.054688
446.878059	2.859375
454.532727	2.750000
460.977223	2.945312
468.614981	3.085938
475.078941	2.796875
482.700735	2.515625
489.182992	2.164062
496.789694	2.226562
503.289181	2.007812
510.881591	2.085938
517.397333	1.867188
524.976190	1.953125
532.634959	2.085938
539.073279	2.171875
546.717477	2.750000
553.172667	2.914062
560.802996	3.500000
567.274184	3.882812
574.891294	4.414062
581.377674	4.593750
588.982173	4.953125
595.482997	5.109375
603.075451	5.382812
609.590026	5.625000
617.170965	5.875000
623.698645	5.984375
631.268564	6.078125
638.905314	6.351562
645.368112	6.671875
652.993109	6.843750
659.469484	7.015625
667.083203	7.187500
673.572565	7.437500
681.175455	7.828125
687.677250	8.281250
695.269732	8.882812
701.783442	9.406250
709.365914	9.906250
715.891053	10.320312
723.463890	10.765625
730.000000	11.015625
737.563557	11.312500
745.184541	11.632812
751.664819	11.789062
759.275971	12.000000
765.767589	12.226562
773.369252	12.765625
779.871784	13.226562
787.464285	13.796875
793.977330	14.250000
801.560977	14.640625
808.084154	14.898438
815.659243	14.992188
822.192192	15.140625
829.759001	15.093750
836.301381	18.500000
843.860178	18.500000
851.469318	20.609375
857.962703	20.609375
865.563400	20.609375
873.212460	20.609375
880.908622	26.960938
887.299273	26.960938
894.986033	26.960938
902.718118	26.960938
909.065454	27.140625
916.787871	28.250000
924.553947	28.250000
930.859818	28.250000
938.616002	28.250000
946.414286	23.242188
952.680429	23.242188
960.468636	23.242188
968.297475	23.242188
974.525526	20.726562
982.344135	19.367188
990.202000	19.367188
998.098192	19.367188
1004.241007	19.367188
1012.126474	19.531250
1020.049018	19.531250
1026.157883	19.531250
1034.069630	19.531250
1042.017274	20.101562
1048.093507	20.281250
1056.030303	20.281250
1064.001880	20.281250
1070.046728	20.281250
1078.007421	23.492188
1086.001842	23.492188
1092.016483	23.492188
1100.000000	23.492188
1108.016245	28.031250
1116.064514	28.031250
1122.007130	32.070312
1130.044247	32.070312
1138.112472	29.789062
1144.027972	29.789062
1152.085066	29.789062
1160.172401	29.789062
1166.061748	29.789062
1174.137982	27.437500
1182.243630	27.437500
1188.107739	23.382812
1196.202324	23.382812
1204.325537	21.898438
1210.165278	21.898438
1218.277472	21.898438
1226.417547	21.898438
1234.584950	21.171875
1240.362850	21.171875
1248.519123	21.171875
1256.702033	21.171875
1262.457920	20.656250
1270.629765	21.578125
1278.827588	21.578125
1284.562182	21.578125
1292.749009	21.578125
1300.961183	21.273438
1306.675170	21.273438
1314.876420	21.273438
1323.102415	21.273438
1328.796448	22.343750
1337.011593	27.179688
1345.250906	27.179688
1353.513945	27.179688
1359.154149	27.179688
1367.406304	30.398438
1375.681649	30.398438
1381.303732	30.398438
1389.568278	30.398438
1397.855500	31.523438
1403.460010	26.500000
1411.736519	26.500000
1420.035211	26.500000
1425.622671	26.500000
1433.910736	20.078125
1442.220510	20.078125
1447.791421	20.078125
1456.090657	20.078125
1464.411144	20.257812
1469.965986	19.953125
1478.276023	19.953125
1486.606875	19.953125
1494.958193	19.796875
1500.466594	19.796875
1508.807476	19.796875
1517.168415	19.796875
1522.662142	19.796875
1531.012737	20.343750
1539.382993	20.343750
1544.862453	19.406250
1553.222457	19.406250
1561.601742	19.351562
1567.067325	19.351562
1575.436447	19.351562
1583.824485	19.351562
1589.276565	19.351562
1597.654531	18.500000
1606.051058	18.500000
1614.465856	18.500000
1619.876539	18.500000
1628.281302	18.500000
1636.704005	18.500000
1642.102311	18.500000
1650.515071	18.500000
1658.945448	15.429688
1667.393175	15.390625
1672.752223	15.351562
1681.190055	15.312500
1689.644933	15.281250
1698.116604	15.242188
1706.604817	15.203125
1715.109326	15.179688
1720.377865	15.171875
1728.872465	15.046875
1737.383090	14.734375
1745.909505	14.570312
1754.451481	14.507812
1759.659058	14.453125
1768.191166	14.210938
1776.738585	13.945312
1785.301095	13.531250
1793.878480	12.859375
1799.027515	12.851562
1807.595087	12.289062
1816.177304	11.328125
1824.773959	10.250000
1833.384848	9.335938
1842.009772	7.890625
1847.078775	7.875000
1855.693940	6.546875
1864.322933	5.242188
1872.965563	3.289062
1881.621641	0.468750
1886.637220	0.640625
1895.283620	-1.429688
1903.943276	-3.070312
1912.616010	-4.164062
1921.301642	-5.125000
1926.265818	-4.898438
1934.941860	-4.820312
1943.630623	-4.445312
1952.331939	-4.429688
1961.045639	-4.664062
1965.960325	-4.320312
1974.664528	-4.601562
1983.380952	-5.093750
1992.109435	-5.304688
2000.849819	-4.687500
2005.716829	-4.531250
2014.447815	-4.335938
2023.190550	-5.328125
2031.944881	-7.851562
2036.786685	-8.070312
2045.531716	-9.015625
2054.288198	-9.710938
2063.055986	-10.062500
2067.873304	-9.968750
2076.631888	-10.156250
2085.401640	-10.273438
2094.182418	-10.562500
2102.974084	-10.625000
2107.747613	-10.460938
2116.530179	-10.171875
2125.323505	-9.953125
2134.127456	-9.476562
2138.878211	-9.023438
2147.673159	-8.250000
2156.478611	-6.523438
2165.294437	-2.671875
2174.120512	1.257812
2178.829961	3.023438
2187.647138	4.304688
2196.474448	5.359375
2205.311769	5.781250
2210.000000	5.734375
2218.828520	5.156250
2227.666941	5.398438
2236.515146	5.164062
2241.182723	5.148438
2250.022222	5.234375
2258.871400	5.257812
2267.730143	5.398438
2276.598340	5.640625
2281.227740	5.710938
2290.087335	5.500000
2298.956285	5.273438
2307.834483	5.203125
2312.444594	5.164062
2321.314283	5.062500
2330.193125	5.140625
2339.081016	5.156250
2343.672332	5.257812
2352.551806	5.101562
2361.440238	5.500000
2370.337529	5.484375
2379.243577	5.390625
2383.799488	5.445312
2392.697223	5.890625
2401.603631	6.187500
2410.518616	6.164062
2415.056935	6.234375
2423.963696	6.414062
2432.878953	6.960938
2441.802613	8.640625
2450.734584	9.156250
2455.239296	9.171875
2464.163144	9.625000
2473.095227	10.593750
2482.035455	13.687500
2490.983741	14.296875
2499.939999	24.570312
2504.396135	26.109375
2513.344385	23.437500
2522.300537	23.437500
2531.264506	23.437500
2540.236209	22.531250
2549.215566	22.531250
2553.624875	22.531250
2562.596340	22.531250
2571.575393	22.156250
2580.561954	22.156250
2589.555946	22.156250
2593.935234	22.156250
2602.921436	22.578125
