0.000000	34.523438
10.000000	34.523438
14.142136	34.242188
22.360680	35.000000
31.622777	35.000000
36.055513	35.000000
44.721360	35.000000
53.851648	35.179688
58.309519	35.179688
67.082039	35.179688
72.111026	34.546875
80.622577	34.546875
89.442719	35.351562
94.339811	35.351562
102.956301	35.351562
108.166538	34.351562
116.619038	34.351562
125.299641	34.398438
130.384048	34.398438
138.924440	34.398438
147.648231	34.398438
152.643375	34.398438
161.245155	36.562500
166.433170	34.382812
174.928557	34.382812
183.575598	34.382812
188.679623	34.382812
197.230829	36.718750
205.912603	36.718750
210.950231	36.718750
219.544984	36.718750
224.722051	41.429688
233.238076	44.898438
241.867732	42.929688
246.981781	13.312500
255.538647	12.898438
260.768096	12.546875
269.258240	11.882812
277.848880	11.257812
283.019434	10.976562
291.547595	10.890625
300.166620	10.984375
305.286750	11.023438
313.847097	10.789062
319.061123	10.796875
327.566787	10.921875
336.154726	10.687500
341.320963	10.625000
349.857114	10.468750
358.468967	10.406250
363.593179	10.320312
372.155881	10.273438
377.359245	10.203125
385.875628	10.218750
394.461658	10.226562
399.624824	10.242188
408.166633	10.359375
413.400532	10.601562
421.900462	10.601562
430.464865	10.484375
435.660418	10.742188
444.184646	11.343750
452.769257	11.632812
457.930126	11.687500
466.476152	11.914062
471.699057	12.023438
480.208288	12.335938
488.773976	12.656250
493.963561	12.781250
502.493781	13.171875
507.740091	13.289062
516.236380	13.601562
524.785671	13.859375
530.000000	14.078125
538.516481	14.328125
547.083175	14.507812
552.268051	14.632812
560.802996	15.023438
566.038868	15.156250
574.543297	15.437500
583.095189	15.718750
588.302643	15.789062
596.824932	16.101562
605.392435	16.414062
610.573501	16.523438
619.112268	16.718750
624.339651	16.851562
632.850693	17.132812
641.404708	17.304688
646.606526	17.414062
655.133574	17.593750
660.378679	17.632812
668.879660	17.781250
677.421582	17.968750
682.641927	18.031250
691.158448	18.140625
699.714227	18.140625
704.911342	18.187500
713.442359	18.265625
718.679344	18.328125
727.186359	18.382812
735.730929	18.554688
740.945342	18.578125
749.466477	18.671875
758.023746	18.734375
763.216876	18.781250
771.751255	18.851562
776.981338	18.929688
785.493475	19.062500
794.040301	19.140625
799.249648	19.179688
807.774721	19.234375
813.019065	19.273438
821.522976	19.289062
830.060239	19.367188
835.284383	19.406250
843.800924	19.507812
852.349693	19.562500
857.554663	19.601562
866.083137	19.687500
871.320836	19.710938
879.829529	19.781250
888.369293	19.812500
893.588272	19.828125
902.108641	19.859375
907.358804	19.882812
915.860251	19.914062
924.391692	19.968750
929.623580	20.007812
938.136451	20.039062
946.678404	20.039062
951.892851	20.085938
960.416576	20.132812
965.660396	20.203125
974.166310	20.195312
982.700361	20.171875
987.927123	20.218750
996.443676	20.187500
1004.987562	20.164062
1010.198000	20.171875
1018.724693	20.164062
1023.962890	20.218750
1032.472760	20.281250
1041.009126	20.226562
1046.231332	20.257812
1054.751155	20.250000
1060.000000	20.312500
1068.503627	20.406250
1077.032961	20.531250
1082.266141	20.554688
1090.779538	20.648438
1099.317970	20.718750
1104.536102	20.765625
1113.058848	20.851562
1118.302285	20.882812
1126.809656	20.968750
1135.341358	21.015625
1140.570033	21.062500
1149.086594	21.164062
1157.626883	21.203125
1162.841348	21.242188
1171.366723	21.335938
1176.605286	21.375000
1185.116028	21.460938
1193.649865	21.531250
1198.874472	21.609375
1207.393888	21.750000
1212.641744	21.781250
1221.147002	21.906250
1229.674754	22.031250
1234.908904	22.046875
1243.422696	22.117188
1251.958466	21.968750
1257.179383	22.015625
1265.701387	21.906250
1270.944531	21.914062
1279.453008	21.781250
1287.982919	21.804688
1293.213053	21.875000
1301.729619	21.929688
1310.267148	21.742188
1315.484702	21.750000
1324.009063	21.554688
1329.247908	21.617188
1337.759321	21.554688
1346.291202	21.578125
1351.517665	21.656250
1360.036764	21.757812
1365.283853	21.843750
1373.790377	21.898438
1382.316896	21.929688
1387.551801	22.000000
1396.065901	22.039062
1404.599587	22.070312
1409.822684	22.148438
1418.344105	22.289062
1423.587019	22.304688
1432.096365	22.210938
1440.624864	22.140625
1445.856148	22.125000
1454.372717	22.273438
1459.623239	22.343750
1468.128060	22.632812
1476.651618	22.976562
1481.890684	23.085938
1490.402630	23.359375
1498.932954	23.421875
1504.160896	23.531250
1512.679741	23.421875
1517.926217	23.453125
1526.433752	22.968750
1534.959283	22.578125
1540.194793	22.585938
1548.709140	22.632812
1557.241150	22.984375
1562.466000	23.054688
1570.986951	23.507812
1576.229679	23.531250
1584.739726	23.726562
1593.267084	23.851562
1598.499296	23.828125
1607.015868	24.187500
1615.549442	24.351562
1624.099751	24.210938
1632.666531	24.054688
1637.833935	24.015625
1646.389990	23.781250
1654.962235	23.476562
1663.550420	23.281250
1672.154299	23.382812
1677.259670	23.414062
1685.852900	23.515625
1694.461566	23.390625
1703.085435	23.289062
1711.724277	23.218750
1720.377865	23.117188
1725.398505	23.093750
1734.041522	22.976562
1742.699056	22.953125
1751.370892	23.015625
1760.056817	23.039062
1768.756625	22.984375
1773.696705	23.117188
1782.386041	22.945312
1791.089054	22.937500
1799.805545	23.070312
1808.535319	23.273438
1813.422179	23.273438
1822.141597	23.398438
1830.874108	23.351562
1839.619526	23.304688
1848.377667	23.218750
1857.148352	23.210938
1861.961331	23.257812
1870.721786	23.539062
1879.494613	23.851562
1888.279640	24.015625
1897.076699	24.242188
1905.885621	24.226562
1910.628169	24.109375
1919.426998	24.476562
1928.237537	25.273438
1937.059627	26.000000
1945.893111	26.000000
1950.589654	26.000000
1959.413177	26.000000
1968.247952	26.062500
1977.093827	26.390625
1985.950654	26.718750
1994.818287	26.890625
1999.449924	27.039062
2008.307745	26.078125
2017.176244	25.101562
2026.055281	24.296875
2034.944717	25.546875
2043.844417	26.851562
2048.414021	27.421875
2057.304061	28.398438
2066.204249	28.726562
2075.114455	29.054688
2084.034549	29.382812
2092.964405	29.703125
2097.474672	30.031250
2106.395025	30.359375
2115.325034	30.687500
2124.264579	30.296875
2133.213538	30.296875
2137.685664	29.750000
2146.625258	29.750000
2155.574169	30.320312
2164.532282	30.320312
2173.499482	30.320312
2182.475659	34.765625
2186.892773	35.093750
2195.859741	36.070312
2204.835595	36.851562
2213.820228	37.421875
2222.813532	37.421875
2231.815405	37.421875
2236.179778	37.421875
2245.172599	38.312500
2254.173906	38.312500
2263.183598	38.312500
2272.201576	37.296875
2276.532451	37.046875
2285.541511	37.046875
2294.558781	37.023438
2303.584164	35.078125
2312.617565	35.023438
2321.658890	34.367188
2325.940670	33.882812
2334.973233	31.867188
2344.013652	31.867188
2353.061835	31.867188
2362.117694	30.281250
2371.181140	30.281250
2375.415753	30.281250
2384.470591	30.281250
2393.532954	30.937500
2402.602755	30.937500
2411.679912	30.937500
2415.884931	30.453125
2424.953608	34.859375
2434.029581	34.859375
2443.112769	34.859375
2452.203091	37.179688
2461.300469	38.148438
2465.461417	38.148438
2474.550464	38.148438
2483.646513	38.328125
2492.749486	38.328125
2501.859309	38.328125
2510.975906	33.789062
2515.094432	33.789062
2524.202844	33.789062
2533.317982	33.789062
2542.439773	33.687500
2551.568145	33.687500
2555.660384	29.710938
2564.780692	29.710938
2573.907535	28.250000
2583.040844	28.250000
2592.180549	28.250000
2601.326585	28.312500
2605.379051	28.312500
2614.517164	28.312500
