0.000000	48.687500
10.000000	48.687500
10.000000	49.398438
14.142136	50.851562
22.360680	50.851562
28.284271	50.851562
36.055513	50.851562
42.426407	50.851562
50.000000	51.000000
58.309519	51.000000
64.031242	50.968750
72.111026	50.968750
78.102497	50.968750
86.023253	49.257812
92.195445	49.257812
100.000000	49.257812
106.301458	49.578125
114.017543	49.578125
120.415946	49.578125
128.062485	49.632812
134.536240	49.632812
142.126704	49.632812
150.000000	49.632812
156.204994	51.640625
164.012195	50.429688
170.293864	50.328125
178.044938	49.156250
184.390889	48.820312
192.093727	47.835938
198.494332	46.679688
206.155281	45.695312
212.602916	44.062500
220.227155	42.960938
228.035085	42.640625
234.307490	40.695312
242.074369	40.046875
248.394847	38.578125
256.124969	38.085938
262.488095	36.781250
270.185122	37.273438
276.586334	36.101562
284.253408	36.757812
290.688837	35.242188
298.328678	35.242188
304.795013	35.242188
312.409987	35.242188
320.156212	35.328125
326.496554	35.328125
334.215499	35.328125
340.587727	34.906250
348.281495	34.906250
354.682957	34.906250
362.353419	34.679688
368.781778	34.679688
376.430604	34.679688
382.883794	35.992188
390.512484	35.992188
396.988665	35.953125
404.598566	34.328125
412.310563	32.703125
418.688428	31.726562
426.380112	31.421875
432.781700	31.000000
440.454311	31.000000
446.878059	31.000000
454.532727	31.000000
460.977223	31.000000
468.614981	30.742188
475.078941	30.742188
482.700735	30.414062
490.407993	30.039062
496.789694	29.718750
504.479930	29.179688
510.881591	28.843750
518.555686	28.195312
524.976190	27.703125
532.634959	27.054688
539.073279	26.726562
546.717477	26.453125
553.172667	26.125000
560.802996	26.117188
567.274184	26.000000
574.891294	26.000000
582.580467	26.179688
588.982173	26.328125
596.657356	26.671875
603.075451	26.882812
610.737259	27.101562
617.170965	27.000000
624.819974	26.843750
631.268564	26.750000
638.905314	26.593750
645.368112	26.492188
652.993109	26.335938
660.681466	26.179688
667.083203	26.078125
674.759216	25.921875
681.175455	25.828125
688.839604	25.671875
695.269732	25.648438
702.922471	25.570312
709.365914	25.421875
717.007671	25.101562
723.463890	24.375000
731.095069	23.828125
737.563557	23.765625
745.184541	23.843750
752.861209	23.460938
759.275971	23.523438
766.941980	23.476562
773.369252	23.554688
781.024968	23.640625
787.464285	23.710938
795.110055	23.695312
801.560977	23.554688
809.197133	23.335938
815.659243	23.171875
823.286099	22.828125
830.963296	22.265625
837.376857	19.500000
845.044378	19.390625
851.469318	19.671875
859.127464	20.000000
865.563400	20.835938
873.212460	21.296875
879.659025	21.492188
887.299273	21.492188
893.756119	21.617188
901.387819	21.710938
907.854614	21.796875
915.478017	21.851562
923.146792	22.101562
929.569793	22.484375
937.229961	22.820312
943.663075	23.031250
951.314880	23.179688
957.757798	23.250000
965.401471	23.382812
971.853898	23.289062
979.489663	23.242188
985.951317	23.164062
993.579388	23.195312
1001.249220	23.250000
1008.959860	23.312500
1016.710382	23.375000
1024.499878	23.289062
1032.327467	23.070312
1038.556691	22.859375
1046.374694	21.984375
1054.229577	22.039062
1062.120520	22.164062
1070.046728	22.304688
1078.007421	22.648438
1086.001842	23.296875
1094.029250	24.132812
1102.088926	24.953125
1110.180166	25.367188
1118.302285	25.484375
1124.144119	26.226562
1132.254388	26.820312
1140.394669	27.210938
1148.564321	27.476562
1156.762724	27.742188
1164.989270	27.992188
1173.243368	28.187500
1181.524439	28.351562
1189.831921	28.500000
1198.165264	36.789062
1206.523933	36.789062
1212.023102	36.789062
1220.368797	36.789062
1228.739191	37.148438
1237.133784	37.148438
1245.552086	37.148438
1253.993620	34.429688
1262.457920	34.429688
1270.944531	34.429688
1279.453008	33.367188
1287.982919	33.367188
1296.533841	33.367188
1301.729619	33.367188
1310.267148	29.101562
1318.825235	29.179688
1327.403480	29.179688
1336.001497	28.796875
1344.618905	28.289062
1353.255334	28.109375
1361.910423	27.890625
1370.583817	27.617188
1379.275172	27.320312
1387.984150	27.109375
1392.910622	27.046875
1401.606221	26.976562
1410.319113	27.031250
1419.048977	26.968750
1427.795504	26.898438
1436.558387	26.570312
1445.337331	26.562500
1454.132044	26.664062
1462.942241	26.640625
1471.767645	26.625000
1480.607983	26.523438
1489.462990	26.257812
1498.332406	25.953125
1507.215977	25.929688
1516.113452	25.976562
1525.024590	25.718750
1533.949152	25.507812
1542.886904	25.312500
1551.837620	25.156250
1560.801076	24.992188
1569.777054	24.757812
1578.765340	24.492188
1587.765726	24.210938
1596.778006	23.937500
1605.801980	23.648438
1614.837453	23.343750
1623.884232	23.007812
1632.942130	22.789062
1642.010962	23.039062
1651.090549	23.054688
1660.180713	22.945312
1669.281282	22.835938
1678.392088	22.718750
1687.512963	22.406250
1696.643746	22.062500
1705.784277	21.687500
1714.934401	21.250000
1724.093965	20.984375
1733.262819	20.554688
1742.440817	20.164062
1747.712791	19.812500
1751.627814	19.789062
1756.929139	19.375000
1766.154014	19.109375
1775.387282	18.875000
1784.628813	18.679688
1793.878480	18.312500
1803.136157	18.000000
1812.401721	17.828125
1821.675053	17.679688
1830.956034	17.492188
1840.244549	17.304688
1849.540483	17.125000
1858.843727	16.960938
1868.154169	16.718750
1877.471704	16.539062
1886.796226	16.343750
1896.127633	16.210938
1905.465822	16.039062
1914.810696	15.859375
1924.162155	15.765625
1933.520106	15.687500
1942.884454	15.601562
1952.255106	15.593750
1961.631974	15.546875
1971.014967	15.609375
1980.403999	15.687500
1989.798985	15.726562
1999.199840	15.710938
2008.606482	15.843750
2018.018830	16.046875
2027.436805	16.218750
2036.860329	16.406250
2046.289325	16.679688
2055.723717	16.796875
2065.163432	16.757812
2074.608397	16.351562
2084.058540	15.523438
2093.513793	14.937500
2102.974084	14.921875
2112.439348	14.953125
2121.909517	14.804688
2131.384527	15.257812
2140.864311	16.054688
2150.348809	16.078125
2159.837957	15.992188
2169.331694	16.148438
2178.829961	16.039062
2188.332699	15.281250
2197.839849	14.437500
2207.351354	13.843750
2216.867159	13.265625
2226.387208	12.726562
2235.911447	12.429688
2245.439823	12.406250
2254.972284	12.507812
2264.508777	12.656250
2274.049252	12.406250
2283.593659	12.117188
2293.141949	12.351562
2302.694074	12.328125
2312.249986	12.492188
2321.809639	12.632812
2331.372986	12.992188
2340.939982	13.570312
2350.510583	13.796875
2360.084744	14.718750
2369.662423	15.843750
2379.243577	16.835938
2388.828165	17.820312
2398.416144	18.765625
2408.007475	22.757812
2417.602118	28.414062
2427.200033	28.500000
2436.801182	28.500000
2446.405526	28.500000
2456.013029	31.648438
2465.623653	31.648438
2475.237362	31.648438
2484.854120	35.890625
2494.473892	35.890625
2504.096644	35.890625
2513.722339	39.929688
2523.350947	39.929688
2532.982432	39.929688
2542.616762	39.703125
2552.253906	39.703125
2561.893831	39.703125
2571.536506	38.078125
2581.181900	38.078125
2590.829983	37.179688
2600.480725	35.593750
2607.546740	35.351562
2610.134096	35.593750
2617.212257	34.632812
2626.880279	34.109375
2636.550777	33.460938
2646.223724	32.906250
2655.899094	33.648438
2665.576861	34.296875
2675.256997	34.867188
2684.939478	33.726562
2694.624278	33.726562
2704.311373	33.726562
2714.000737	33.968750
2723.692347	33.968750
2733.386178	33.968750
2743.082208	37.367188
2752.780413	37.367188
2762.480769	37.367188
2772.183255	40.312500
2781.887848	40.312500
2791.594526	40.312500
2801.303268	43.007812
2811.014052	43.007812
2820.726857	43.007812
2830.441662	42.421875
2840.158446	42.421875
