0.000000	28.007812
10.000000	25.648438
10.000000	28.226562
14.142136	28.226562
22.360680	28.226562
28.284271	28.226562
36.055513	30.546875
42.426407	31.109375
50.000000	31.109375
56.568542	31.109375
64.031242	31.109375
70.710678	31.109375
78.102497	33.492188
84.852814	34.109375
92.195445	34.109375
100.000000	13.960938
106.301458	13.859375
114.017543	13.750000
120.415946	13.648438
128.062485	13.539062
134.536240	13.429688
142.126704	13.320312
148.660687	13.218750
156.204994	13.109375
164.012195	12.984375
170.293864	12.898438
178.044938	12.773438
184.390889	12.687500
192.093727	12.562500
198.494332	12.468750
206.155281	14.085938
212.602916	14.007812
220.227155	13.890625
228.035085	13.757812
234.307490	13.671875
242.074369	13.250000
248.394847	12.234375
256.124969	10.976562
264.007576	10.351562
272.029410	10.320312
278.028775	10.546875
286.006993	10.640625
294.108823	10.492188
302.324329	10.242188
310.644491	9.929688
316.227766	9.687500
324.499615	9.312500
332.866340	9.234375
338.378486	9.289062
346.698716	9.250000
355.105618	9.132812
360.555128	9.062500
368.917335	8.968750
377.359245	8.742188
382.753184	9.054688
391.152144	9.437500
399.624824	9.601562
404.969135	9.585938
413.400532	9.414062
421.900462	9.257812
427.200187	9.164062
435.660418	9.046875
444.184646	8.945312
449.444101	8.898438
457.930126	8.906250
466.476152	8.906250
471.699057	8.828125
480.208288	8.726562
488.773976	8.726562
493.963561	8.742188
502.493781	8.750000
511.077294	8.859375
516.236380	8.882812
524.785671	9.273438
533.385414	9.882812
538.516481	10.031250
547.083175	10.359375
555.697760	10.718750
560.802996	10.875000
569.385634	10.835938
578.013841	10.476562
586.685606	10.125000
591.692488	10.148438
600.333241	10.289062
609.015599	10.570312
614.003257	10.781250
622.655603	10.796875
631.347765	10.781250
636.317531	10.820312
644.980620	10.890625
653.681880	11.015625
658.634952	11.171875
667.308025	11.257812
676.017751	11.296875
680.955211	11.445312
689.637586	11.703125
698.355210	11.828125
707.106781	11.937500
711.969100	12.000000
720.694110	12.132812
729.451849	12.304688
734.302390	12.546875
743.034320	13.226562
751.797845	13.585938
756.637298	13.710938
765.375725	13.718750
774.144689	13.804688
778.973684	13.953125
787.718224	14.117188
796.492310	14.093750
801.311425	14.039062
810.061726	13.968750
818.840644	14.015625
827.647268	14.406250
832.406151	14.718750
841.189634	15.007812
850.000000	15.000000
854.751426	15.070312
863.539229	15.343750
872.353140	15.492188
877.097486	15.351562
885.889384	15.359375
894.706656	15.421875
899.444273	15.406250
908.240056	15.312500
917.060521	15.359375
921.791734	15.289062
930.591210	15.085938
939.414711	15.203125
948.261567	15.562500
952.942810	15.585938
961.769203	15.578125
970.618360	15.585938
975.294827	15.601562
984.123976	15.984375
988.837702	16.750000
997.647232	17.617188
1006.479011	17.656250
1011.187421	17.656250
1020.000000	17.695312
1028.834292	17.734375
1033.537614	17.734375
1042.353107	24.500000
1051.189802	24.500000
1055.888252	24.500000
1064.706532	24.500000
1069.439105	24.500000
1078.239306	23.156250
1083.005078	22.687500
1091.787525	22.687500
1096.585610	22.687500
1105.350623	22.687500
1110.180166	22.687500
1118.928058	23.898438
1123.788236	25.218750
1132.519316	25.218750
1137.409337	25.218750
1146.123903	25.218750
1151.043005	25.218750
1159.741350	25.921875
1164.688800	26.242188
1173.371212	26.242188
1178.346299	26.242188
1187.013058	26.242188
1192.015101	26.242188
1200.666482	26.226562
1205.694820	26.226562
1214.331092	26.226562
1219.385091	26.226562
1228.006515	26.226562
1233.085561	26.226562
1241.692393	28.820312
1246.795893	26.750000
1255.388386	26.750000
1260.515767	26.750000
1269.094165	26.750000
1277.693234	25.078125
1282.809417	25.078125
1291.394595	25.078125
1296.533841	25.000000
1305.105360	25.000000
1310.267148	25.000000
1318.825235	24.781250
1324.009063	24.781250
1332.553939	24.781250
1337.759321	24.781250
1346.291202	24.781250
1351.517665	24.781250
1360.036764	24.851562
1365.283853	25.359375
1373.790377	25.359375
1379.057649	25.359375
1387.551801	25.359375
1392.838828	25.359375
1401.320806	25.882812
1406.627172	27.093750
1415.097170	27.093750
1420.422472	27.093750
1428.880681	27.093750
1434.224529	27.093750
1442.671134	26.617188
1448.033149	28.007812
1456.468331	28.007812
1461.848145	28.007812
1470.272084	28.007812
1475.669340	28.007812
1484.082208	26.843750
1489.496559	27.820312
1497.898528	27.820312
1503.329638	27.820312
1511.720874	27.820312
1517.168415	27.820312
1525.549081	25.812500
1531.012737	27.531250
1539.382993	27.531250
1544.862453	27.531250
1553.222457	27.531250
1558.717421	27.531250
1567.067325	27.820312
1575.436447	27.820312
1580.917455	27.117188
1589.276565	27.117188
1594.772711	27.117188
1603.121954	31.312500
1608.632960	31.312500
1616.972480	31.312500
1622.498074	29.367188
1630.828011	29.367188
1636.367929	29.367188
1644.688420	31.226562
1650.242406	31.226562
1658.553587	31.226562
1664.121390	29.367188
1672.423391	29.367188
1678.004768	29.367188
1686.297720	34.039062
1691.892432	34.039062
1700.176461	34.039062
1705.784277	35.281250
1714.059509	35.281250
1719.680203	35.281250
1727.946758	35.656250
1733.580111	35.656250
1741.838110	35.656250
1747.483906	35.632812
1755.733465	35.632812
1761.391495	35.632812
1769.632730	32.843750
1775.302791	32.843750
1783.535814	32.843750
1789.217706	33.460938
1797.442628	33.460938
1803.136157	33.460938
1811.353085	30.351562
1817.058062	30.351562
1825.267104	30.351562
1830.983342	31.117188
1839.184602	31.117188
1844.911922	31.117188
1853.105502	29.609375
1858.843727	29.609375
1867.029727	29.609375
1875.233319	29.609375
1880.957203	31.242188
1889.153249	29.359375
1894.887859	29.359375
1903.076457	29.359375
1908.821626	29.359375
1917.002869	29.359375
1922.758435	29.523438
1930.932417	27.609375
1936.698221	27.609375
1944.865034	27.609375
1950.640920	27.609375
1958.800653	27.609375
1964.586470	26.898438
1972.739212	25.187500
1978.534811	25.187500
1986.680649	25.187500
1992.485885	25.187500
2000.624902	25.187500
2006.439633	25.257812
2014.571915	24.242188
2020.396001	24.242188
2028.521629	24.242188
2034.354935	24.242188
2042.473990	24.242188
2048.316382	24.539062
2056.428944	24.093750
2062.280291	24.093750
2070.386437	24.093750
2076.246613	24.093750
2084.346420	24.093750
2090.215300	25.882812
2098.308843	25.437500
2104.186304	25.437500
2112.273657	25.437500
2118.159579	25.437500
2126.240814	25.437500
2132.135080	24.929688
2140.210270	24.468750
2146.112765	24.468750
2154.181979	24.468750
2160.092591	24.468750
2168.155898	24.468750
2176.235281	23.953125
2182.131985	23.609375
2190.205470	23.609375
2196.110198	23.609375
2204.177851	23.609375
2210.090496	23.609375
2218.152384	23.468750
2224.072841	22.859375
2232.129029	22.859375
2238.057193	22.859375
2246.107745	22.859375
2252.043516	22.859375
2260.088494	22.929688
2266.031774	22.890625
2274.071239	22.890625
2280.021930	22.890625
2288.055943	22.890625
2294.013949	22.890625
2302.042571	23.062500
2308.007799	23.179688
2316.031088	23.179688
2322.003445	23.179688
2330.021459	23.179688
2336.000856	23.179688
2344.013652	24.000000
2350.000000	24.710938
2358.007634	24.710938
2364.000846	24.710938
2372.003373	24.710938
2378.003364	24.710938
2386.000838	24.726562
2392.007525	24.046875
2400.000000	24.046875
2406.013300	24.046875
2414.000829	24.046875
2420.020661	24.046875
2428.003295	22.500000
2434.029581	22.500000
2442.007371	22.500000
2448.040032	22.500000
2456.013029	22.500000
2462.051990	22.500000
2470.020243	22.210938
2478.003228	22.226562
2484.028985	22.500000
2492.007223	22.500000
2498.039231	22.500000
2506.012769	22.382812
2512.050955	22.070312
2520.019841	21.796875
2526.064132	21.578125
2534.028413	21.367188
2542.007081	21.156250
2548.038461	20.765625
2556.012520	19.960938
2562.049960	19.640625
2570.019455	19.492188
2576.062887	19.445312
2584.027864	19.375000
2592.006944	19.296875
2598.037721	19.281250
2606.012279	19.234375
2612.049004	19.242188
2620.019084	19.234375
2626.061690	19.242188
2634.027335	19.234375
2642.006813	19.210938
2648.037009	19.210938
2656.012048	19.203125
2662.048084	19.203125
2670.018727	19.203125
2676.060537	19.218750
2684.026825	19.242188
2692.006686	19.203125
2698.036323	19.203125
2706.011826	19.234375
2712.047197	19.242188
2720.018382	19.226562
2726.059427	19.242188
2734.026335	19.296875
2742.006565	19.257812
2748.035662	19.210938
2756.011611	18.000000
2762.046343	17.625000
2770.018050	17.578125
2776.058357	17.539062
2784.025862	17.500000
2792.006447	17.460938
2798.035025	17.421875
2806.011404	17.375000
2812.045519	17.335938
2820.017730	17.250000
2826.057324	17.125000
2834.025406	16.968750
2842.006334	16.851562
2848.034410	16.742188
2856.011204	16.625000
2862.044724	16.546875
2870.017422	16.398438
2878.002780	16.273438
2884.024965	16.156250
2892.006224	16.015625
2898.033816	15.875000
2906.011012	15.796875
2912.043956	15.687500
2920.017123	15.578125
2928.002732	15.476562
2934.024540	15.351562
2942.006118	15.304688
2948.033243	15.195312
2956.010825	15.093750
2962.043214	14.953125
2970.016835	14.867188
2978.002686	14.781250
2984.024129	14.695312
2992.006016	14.703125
2998.032688	14.664062
3006.010645	14.539062
3012.042496	14.398438
3020.016556	14.437500
3028.002642	14.429688
3034.023731	14.320312
3042.005917	14.273438
3048.032152	14.210938
3056.010471	14.210938
3062.041802	14.093750
3070.016287	14.140625
3078.002599	14.000000
3084.023346	13.968750
3092.005821	13.828125
3098.031633	13.703125
3106.010303	13.664062
3112.041131	13.593750
3120.016026	13.593750
3128.002558	13.578125
3134.022974	13.476562
3142.005729	13.367188
3148.031131	13.320312
3156.010139	13.320312
3164.000632	13.164062
3170.015773	13.171875
3178.002517	13.101562
3184.022613	13.054688
3192.005639	13.085938
3200.000000	13.093750
3206.009981	13.046875
3214.000622	13.000000
3220.015528	12.953125
3228.002478	12.960938
3234.022263	12.960938
3242.005552	13.031250
3250.000000	13.125000
3256.009828	13.140625
3264.000613	13.265625
3270.015290	13.335938
3278.002441	13.218750
3286.000609	13.343750
3292.005468	13.406250
3300.000000	13.492188
3306.009679	13.562500
3314.000604	13.476562
3320.015060	13.421875
3328.002404	13.492188
3336.000600	13.546875
3342.005386	13.500000
3350.000000	13.390625
3356.009535	13.312500
3364.000595	13.304688
3372.002372	13.078125
3378.002368	13.046875
3386.000591	12.914062
3392.005307	12.789062
3400.000000	12.781250
3406.009395	12.804688
3414.000586	12.625000
3422.002338	12.640625
3428.002334	12.570312
3436.000582	12.570312
3442.005230	12.617188
3450.000000	12.546875
3458.005205	12.320312
3464.000577	12.304688
3472.002304	12.039062
3478.002300	11.843750
3486.000574	11.656250
3492.005155	11.515625
3500.000000	11.265625
3506.009127	11.085938
3514.000569	10.851562
3520.014205	10.687500
3528.002268	10.679688
3534.020373	10.953125
3542.005082	11.695312
3548.027621	12.046875
3554.068092	12.289062
3562.035935	12.359375
3568.080717	12.429688
3576.045302	12.148438
3582.094359	11.609375
3590.055710	11.375000
3596.109008	11.375000
3604.067147	11.476562
3610.124652	11.429688
3618.079601	11.250000
3624.141278	11.101562
3632.093060	11.093750
3640.054945	10.921875
3646.107513	10.789062
3654.066228	10.992188
3660.122949	11.414062
3668.078516	11.898438
3674.139355	12.062500
3682.091797	11.976562
3690.054200	11.828125
3696.106059	11.875000
3704.065334	11.921875
3710.121292	16.960938
3718.077460	39.187500
3724.137484	38.570312
3732.090567	38.570312
3738.154625	38.570312
3746.104643	38.570312
3754.064464	38.281250
3760.119679	38.281250
3768.076432	38.281250
3774.135663	37.109375
3782.089370	37.109375
3788.152584	37.109375
3796.103265	35.250000
3804.063617	35.250000
3810.118108	35.250000
3818.075431	35.250000
3824.133889	35.203125
3832.088204	34.500000
