0.000000	51.828125
10.000000	52.687500
20.000000	52.687500
30.000000	52.687500
40.000000	53.250000
50.000000	53.250000
50.990195	53.250000
60.827625	53.250000
70.710678	49.539062
80.622577	49.539062
90.553851	49.539062
100.498756	45.046875
110.453610	45.046875
120.415946	45.046875
121.655251	41.437500
131.529464	33.000000
141.421356	33.000000
151.327460	33.000000
161.245155	29.984375
171.172428	29.000000
181.107703	29.000000
191.049732	29.000000
192.353841	29.000000
202.237484	29.000000
212.132034	29.000000
222.036033	29.000000
231.948270	29.000000
241.867732	29.000000
251.793566	29.000000
261.725047	29.000000
263.058929	29.000000
272.946881	29.000000
282.842712	29.000000
292.745623	30.062500
302.654919	32.015625
312.569992	33.273438
322.490310	33.273438
332.415403	34.187500
333.766385	33.312500
343.656806	33.312500
353.553391	32.882812
363.455637	32.554688
373.363094	32.226562
383.275358	32.039062
393.192065	32.039062
394.588393	32.523438
404.474968	32.585938
414.366987	32.789062
424.264069	33.117188
434.165867	33.445312
444.072066	33.703125
453.982379	33.921875
463.896540	34.210938
465.295605	34.242188
475.184175	34.242188
485.077313	34.132812
494.974747	34.132812
504.876222	34.132812
514.781507	33.882812
524.690385	33.882812
534.602656	33.882812
536.003731	33.601562
545.893763	33.867188
555.787729	33.867188
565.685425	33.867188
575.586657	33.468750
585.491247	33.468750
595.399026	33.468750
605.309838	33.679688
606.712452	33.679688
616.603600	33.679688
626.498204	33.679688
636.396103	33.843750
646.297145	33.843750
656.201189	33.843750
666.108099	34.187500
676.017751	34.187500
677.421582	34.187500
687.313611	34.187500
697.208721	34.156250
707.106781	34.156250
717.007671	34.132812
726.911274	32.859375
736.817481	32.859375
746.726188	32.859375
748.131005	32.296875
758.023746	32.296875
767.919267	32.296875
777.817459	32.296875
787.718224	33.031250
797.621464	33.031250
807.527089	33.031250
817.435013	33.265625
818.840644	32.882812
828.733974	33.437500
838.629835	34.054688
848.528137	34.335938
858.428797	34.109375
868.331734	33.812500
878.236870	33.609375
888.144132	33.289062
889.550448	32.960938
899.444273	32.632812
909.340420	32.453125
919.238816	32.953125
929.139387	33.562500
939.042065	34.000000
948.946785	34.000000
958.853482	34.000000
960.260381	34.000000
970.154627	33.984375
980.051019	33.664062
989.949494	33.335938
999.849989	33.007812
1009.752445	33.000000
1019.656805	33.000000
1021.077862	32.859375
1030.970417	32.726562
1040.865025	31.000000
1050.761629	29.031250
1060.660172	26.882812
1070.560601	26.570312
1080.462864	26.554688
1090.366911	26.531250
1100.272693	26.507812
1110.180166	26.476562
1120.089282	26.414062
1130.000000	21.226562
1139.912277	19.546875
1149.826074	18.421875
1159.741350	17.914062
1169.658070	17.609375
1178.346299	17.312500
1179.576195	17.554688
1188.276062	17.523438
1198.206994	17.687500
1208.139065	17.640625
1218.072247	17.554688
1228.006515	17.906250
1237.941840	18.421875
1247.878199	18.648438
1257.815567	18.757812
1267.753919	18.875000
1277.693234	18.867188
1287.633488	18.773438
1297.574661	18.718750
1307.516730	18.585938
1317.459677	18.492188
1327.403480	18.539062
1337.348122	18.625000
1347.293583	18.617188
1357.239846	18.375000
1367.186893	18.132812
1377.134707	17.968750
1387.083271	17.640625
1397.032569	17.320312
1406.982587	17.398438
1416.933308	17.445312
1426.884719	17.273438
1436.836804	17.156250
1446.789549	17.390625
1456.742942	17.531250
1465.776245	17.359375
1466.696969	17.562500
1475.737104	17.398438
1485.698489	17.359375
1495.660389	17.242188
1505.622795	17.093750
1515.585695	16.984375
1525.549081	16.609375
1535.512944	16.562500
1545.477273	16.679688
1555.442059	16.625000
1565.407295	16.710938
1575.372972	16.960938
1585.339080	17.109375
1595.305613	17.390625
1605.272563	17.718750
1615.239920	17.843750
1625.207679	17.937500
1635.175832	18.242188
1645.144371	18.523438
1655.113289	18.492188
1665.082581	18.570312
1675.052238	18.617188
1685.022255	18.906250
1694.992625	19.031250
1704.963343	19.054688
1714.934401	19.250000
1724.905795	19.679688
1734.877517	19.890625
1744.849564	19.960938
1754.821928	20.187500
1764.086166	20.367188
1764.794606	20.257812
1774.063133	20.312500
1784.040358	20.546875
1794.017837	20.812500
1803.995565	21.140625
1813.973539	21.351562
1823.951754	21.585938
1833.930206	21.773438
1843.908891	21.953125
1853.887807	22.195312
1863.866948	22.507812
1873.846312	22.687500
1883.825894	22.781250
1893.805692	23.039062
1903.785702	23.343750
1913.765921	23.601562
1923.746345	23.820312
1933.726971	23.960938
1943.707797	24.187500
1953.688819	24.460938
1963.670033	24.671875
1973.651438	24.742188
1983.633031	24.914062
1993.614807	25.015625
2003.596766	25.132812
2013.578903	25.187500
2023.561217	25.210938
2033.543705	25.476562
2043.526364	25.820312
2052.949098	26.078125
2053.509192	26.062500
2062.934803	26.132812
2072.920645	26.234375
2082.906623	26.453125
2092.892735	26.656250
2102.878979	26.867188
2112.865353	27.007812
2122.851855	27.132812
2132.838484	27.445312
2142.825238	27.695312
2152.812114	27.875000
2162.799112	27.953125
2172.786230	28.171875
2182.773465	28.250000
2192.760817	28.304688
2202.748283	28.343750
2212.735863	28.210938
2222.723555	28.453125
2232.711356	28.734375
2242.699267	28.703125
2252.687284	28.609375
2262.675408	28.828125
2272.663635	28.953125
2282.651966	29.007812
2292.640399	28.953125
2302.628932	28.804688
2312.617565	28.882812
2322.606295	29.218750
2332.595121	29.296875
2342.584043	28.945312
2352.126697	28.632812
2352.573059	28.625000
2362.117694	27.906250
2372.108766	27.476562
2382.099914	27.460938
2392.091135	27.164062
2402.082430	26.906250
2412.073797	26.710938
2422.065234	26.500000
2432.056743	26.085938
2442.048321	25.234375
2452.039967	24.468750
2462.031681	24.328125
2472.023463	24.437500
2482.015310	24.750000
2492.007223	24.929688
2501.999201	25.039062
2511.991242	25.078125
2521.983346	25.000000
2531.975513	25.062500
2541.967742	25.187500
2551.960031	25.359375
2561.952381	25.460938
2571.944789	25.476562
2581.937257	25.468750
2591.929783	25.601562
2601.922366	25.820312
2611.915006	26.070312
2621.907702	26.117188
2631.900454	26.125000
2641.533645	26.320312
2641.893261	26.257812
2651.527861	26.273438
2661.522121	26.218750
2671.516423	26.242188
2681.510768	26.359375
2691.505155	26.343750
2701.499584	26.414062
2711.494053	26.195312
2721.488563	26.257812
2731.483114	26.171875
2741.477704	26.093750
2751.472333	25.992188
2761.467001	25.968750
2771.461708	26.078125
2781.456453	26.296875
2791.451235	30.804688
2801.446055	29.007812
2811.440912	26.710938
2821.435805	26.468750
2831.430734	41.890625
2841.425698	41.851562
2851.420699	41.851562
2861.415734	41.851562
2871.410803	42.757812
2881.405907	42.757812
2891.401044	42.757812
2901.396216	47.203125
2911.391420	47.203125
2921.386657	47.203125
2931.381927	51.093750
2941.088234	51.671875
2941.377228	51.093750
2951.084546	51.671875
2961.080884	55.859375
2971.077246	55.859375
2981.073632	55.859375
2991.070043	54.820312
3001.066477	54.820312
3011.062935	54.820312
3021.059417	54.703125
