0.000000	32.046875
10.000000	32.046875
20.000000	32.039062
22.360680	31.726562
31.622777	31.726562
41.231056	31.726562
44.721360	31.726562
53.851648	30.296875
63.245553	30.296875
67.082039	30.296875
76.157731	17.093750
85.440037	19.421875
89.442719	19.328125
98.488578	18.984375
107.703296	18.257812
111.803399	18.031250
120.830460	17.843750
130.000000	17.703125
134.164079	17.531250
143.178211	17.328125
147.648231	17.351562
156.524758	18.085938
165.529454	18.578125
174.642492	18.554688
178.885438	18.507812
187.882942	18.257812
196.977156	18.195312
206.155281	18.296875
210.237960	18.453125
219.317122	18.601562
228.473193	18.671875
237.697286	18.562500
246.981781	18.273438
250.798724	18.195312
260.000000	18.140625
269.258240	18.046875
278.567766	17.882812
282.311884	17.796875
291.547595	17.601562
300.832179	17.539062
310.161248	17.710938
313.847097	17.687500
323.109888	17.898438
332.415403	17.914062
341.760150	17.781250
351.140997	17.687500
354.682957	17.531250
364.005494	17.570312
373.363094	17.742188
382.753184	18.070312
386.264158	18.085938
395.600809	18.320312
404.969135	18.492188
414.366987	18.578125
417.851648	18.539062
427.200187	18.625000
436.577599	18.718750
445.982062	18.804688
455.411901	18.804688
458.802790	18.726562
468.187996	18.671875
477.598157	18.648438
487.031826	18.679688
490.407993	18.726562
499.799960	18.765625
509.215082	18.781250
518.652099	18.820312
522.015325	18.859375
531.413210	18.921875
540.832691	18.789062
550.272660	18.484375
559.732079	18.367188
563.027530	18.445312
572.450871	18.640625
581.893461	18.804688
591.354378	18.914062
594.642750	18.867188
604.069532	18.898438
613.514466	18.703125
622.976725	18.250000
626.258732	17.906250
635.688603	17.804688
645.135645	18.250000
654.599114	18.867188
664.078309	19.125000
667.308025	19.257812
676.756973	19.101562
686.221539	18.968750
695.701085	18.984375
698.927750	19.000000
708.378430	18.851562
717.843994	18.515625
727.323862	18.132812
730.547740	17.828125
740.000000	17.382812
749.466477	17.046875
758.946638	16.953125
768.439978	17.054688
771.621669	17.023438
781.088983	17.312500
790.569415	17.437500
800.062498	17.343750
803.243425	17.250000
812.711511	17.187500
822.192192	17.171875
831.685037	17.210938
834.865259	17.156250
844.334057	17.351562
853.814968	17.453125
863.307593	17.609375
872.811549	17.757812
875.956620	17.546875
885.437745	17.539062
894.930165	17.476562
904.433524	17.531250
907.579198	17.414062
917.060521	17.671875
926.552751	17.828125
936.055554	17.726562
939.201789	17.601562
948.683298	17.578125
958.175349	17.562500
967.677632	17.375000
970.824392	17.171875
980.306075	16.789062
989.797959	16.562500
999.299755	16.546875
1008.811182	16.492188
1011.928851	16.304688
1021.420579	16.031250
1030.921918	15.765625
1040.432602	15.562500
1043.551628	15.312500
1053.043209	15.195312
1062.544117	15.148438
1072.054103	14.968750
1081.572929	14.687500
1084.665847	37.218750
1094.166349	40.398438
1103.675677	40.398438
1113.193604	40.398438
1122.719912	41.281250
1125.788612	41.281250
1135.297318	41.281250
1144.814395	41.281250
1154.339638	37.023438
1163.872845	37.023438
1173.413823	37.023438
1176.435294	37.023438
1185.959527	33.031250
1195.491531	33.031250
1205.031120	33.031250
1214.578116	30.226562
1217.579566	28.476562
1227.110427	28.476562
1236.648697	28.476562
1246.194206	29.539062
1255.746790	29.539062
1258.729518	29.539062
1268.266534	29.539062
1277.810628	31.648438
1287.361643	31.648438
1296.919427	31.648438
1306.483831	31.218750
1309.427356	31.218750
1318.976876	31.218750
1328.533026	31.218750
1338.095662	32.070312
1347.664647	32.070312
1350.592463	31.101562
1360.147051	31.101562
1369.707998	32.320312
1379.275172	32.320312
1388.848444	32.320312
1391.761474	32.320312
1401.320806	33.359375
1410.886246	33.359375
1420.457673	33.359375
1430.034965	33.031250
1439.618005	33.031250
1442.497834	33.031250
1452.067492	33.031250
1461.642911	31.929688
1471.223980	31.929688
1480.810589	31.929688
1483.677863	31.828125
1493.251486	29.242188
1502.830662	29.242188
1512.415287	29.242188
1522.005256	30.320312
1524.860649	30.320312
1534.438008	30.320312
1544.020725	30.320312
1553.608702	31.460938
1563.201842	31.460938
1566.045976	31.460938
1575.626859	31.460938
1585.212919	32.578125
1594.804063	32.578125
1604.400199	32.578125
1614.001239	34.000000
1616.817862	33.710938
1626.407083	33.710938
1636.001222	33.710938
1645.600194	35.500000
1655.203915	35.500000
1658.010856	35.500000
1667.603070	35.500000
1677.200048	38.289062
1686.801707	38.289062
1696.407970	38.289062
1699.205697	38.289062
1708.800749	38.789062
1718.400419	38.789062
1728.004630	38.789062
1737.613306	34.437500
1747.226373	34.437500
1750.000000	37.296875
1759.602228	37.296875
1769.208863	34.218750
1778.819833	34.218750
1788.435070	32.031250
1791.200715	32.031250
1800.805375	32.031250
1810.414317	32.031250
1820.027472	28.820312
1829.644774	28.820312
1832.402794	28.820312
1842.009772	28.820312
1851.620912	29.906250
1861.236148	29.906250
1870.855419	29.906250
1880.478662	32.437500
1883.215336	35.281250
1892.828571	35.281250
1902.445794	35.281250
1912.066944	37.703125
1921.691963	37.703125
1924.421991	37.703125
1934.037228	37.703125
1943.656348	37.703125
1953.279294	37.703125
1962.906009	37.703125
1965.629670	37.703125
1975.246820	35.382812
1984.867754	35.382812
1994.492417	35.382812
2004.120755	28.843750
2013.752716	28.843750
2016.457289	27.960938
2026.079959	27.960938
2035.706266	27.812500
2045.336158	27.812500
2054.969586	27.812500
2057.668584	27.812500
2067.292916	33.250000
2076.920798	33.250000
2086.552180	33.250000
2096.187015	38.476562
2098.880654	38.476562
2108.506580	38.476562
2118.135973	38.476562
2127.768784	38.500000
2137.404969	38.500000
2147.044480	38.500000
2149.720912	40.117188
2159.351755	41.882812
2168.985938	41.882812
2178.623419	41.882812
2188.264152	41.187500
2190.935873	41.187500
2200.568108	41.187500
2210.203611	41.187500
2219.842337	37.710938
2229.484245	37.710938
2232.151429	37.710938
2241.785003	37.710938
2251.421773	33.046875
2261.061698	33.046875
2270.704736	33.046875
2280.350850	12.179688
2283.002409	12.328125
2292.640399	11.953125
2302.281477	11.617188
2311.925604	11.054688
2321.572743	10.406250
2331.222855	10.140625
2333.859464	10.101562
2343.501654	10.437500
2353.146829	11.265625
2362.794955	12.406250
2372.445995	12.078125
2382.099914	11.335938
2391.756677	10.992188
2401.416249	10.828125
2411.078597	10.757812
2420.743687	10.664062
2423.324163	10.601562
2432.981710	10.562500
2442.642012	10.578125
2452.305038	10.531250
2461.970755	10.601562
2471.639132	10.851562
2481.310138	11.078125
2490.983741	11.421875
2500.659913	11.687500
2510.338623	11.671875
2512.866889	11.601562
2522.538404	11.421875
2532.212471	11.398438
2541.889061	11.406250
2551.568145	11.562500
2561.249695	11.500000
2570.933683	11.414062
2580.620081	11.335938
2590.308862	10.945312
2600.000000	10.468750
2602.479587	10.523438
2612.163854	10.664062
2621.850492	10.984375
2631.539473	12.773438
2641.230774	13.523438
2650.924367	13.218750
2660.620228	13.710938
2670.318333	14.281250
2680.018657	12.375000
2689.721175	10.390625
2692.155270	10.460938
2701.851217	9.898438
2711.549373	9.429688
2721.249713	8.945312
2730.952215	8.515625
2740.656856	8.437500
2750.363612	8.046875
2760.072463	7.359375
2769.783385	6.992188
2772.183255	6.976562
2781.887848	6.835938
2791.594526	6.625000
2801.303268	6.531250
2811.014052	6.687500
2820.726857	6.796875
2830.441662	6.820312
2840.158446	7.085938
2849.877190	7.382812
2859.597874	7.687500
2861.957372	7.601562
2871.671987	7.781250
2881.388554	7.664062
2891.107054	7.953125
2900.827468	8.578125
2910.549776	8.914062
2920.273960	8.289062
2930.000000	8.265625
2939.727879	8.515625
2949.457577	8.500000
2951.779125	8.531250
2961.502997	8.515625
2971.228702	8.414062
2980.956222	8.968750
2990.685540	9.484375
3000.416638	9.320312
3010.149498	8.867188
3019.884104	8.484375
3029.620438	8.226562
3039.358485	8.085938
3041.644292	8.093750
3051.376738	7.851562
3061.110909	7.031250
3070.846789	6.437500
3080.584360	6.195312
3090.323608	6.273438
3100.064515	6.203125
3109.807068	6.109375
3119.551250	6.093750
3129.297046	6.132812
3131.549137	6.039062
3141.289544	6.179688
3151.031577	6.390625
3160.775221	6.757812
3170.520462	5.992188
3180.267284	5.718750
3190.015674	6.773438
3199.765616	8.109375
3209.517098	9.632812
3211.744074	9.414062
3221.490338	11.570312
3231.238153	13.234375
3240.987504	22.500000
3250.738378	22.500000
3260.490761	23.531250
3270.244639	23.531250
3280.000000	23.531250
3289.756830	24.070312
3299.515116	24.070312
3309.274845	24.070312
3319.036005	23.828125
3328.798582	23.828125
3338.562565	23.828125
3348.327941	25.757812
3358.094698	25.757812
3367.862824	25.757812
3377.632307	27.539062
3387.403135	27.539062
3397.175297	27.539062
3406.948782	28.578125
3416.723577	28.578125
