0.000000	63.070312
10.000000	63.070312
10.000000	63.070312
14.142136	63.070312
20.000000	60.046875
22.360680	63.070312
28.284271	62.773438
36.055513	62.773438
42.426407	63.117188
50.000000	63.117188
58.309519	58.023438
64.031242	58.023438
72.111026	58.023438
80.622577	58.023438
86.023253	58.023438
94.339811	52.812500
102.956301	52.812500
108.166538	53.109375
116.619038	53.109375
125.299641	52.882812
130.384048	52.882812
138.924440	52.882812
144.222051	52.882812
152.643375	52.882812
161.245155	55.500000
166.433170	54.132812
174.928557	54.132812
183.575598	54.132812
188.679623	54.132812
197.230829	56.718750
205.912603	56.718750
210.950231	56.718750
219.544984	56.718750
228.254244	53.328125
233.238076	53.617188
241.867732	53.617188
250.599282	53.617188
255.538647	53.617188
264.196896	52.187500
269.258240	52.187500
277.848880	52.187500
286.530976	52.187500
291.547595	53.406250
300.166620	51.898438
308.868904	51.898438
313.847097	51.898438
322.490310	51.898438
331.209903	51.632812
336.154726	51.632812
344.818793	51.632812
353.553391	51.632812
358.468967	51.328125
367.151195	50.000000
375.898923	50.000000
380.788655	50.000000
389.486842	50.000000
398.246155	50.000000
403.112887	50.000000
411.825206	50.000000
416.773320	50.000000
425.440948	50.000000
434.165867	50.000000
439.089968	50.000000
447.772264	50.000000
456.508488	50.000000
461.410880	50.000000
470.106371	50.000000
478.852796	50.000000
483.735465	50.000000
492.442890	50.000000
501.198563	50.000000
506.063237	50.000000
514.781507	50.000000
523.545605	49.929688
528.393793	49.929688
537.121960	49.531250
542.033209	49.382812
550.726793	49.023438
559.464029	47.992188
564.358042	47.859375
573.061951	47.914062
581.807528	47.945312
586.685606	47.953125
595.399026	47.820312
604.152299	47.578125
609.015599	47.546875
617.737808	47.546875
626.498204	47.546875
631.347765	47.570312
640.078120	47.640625
648.845128	47.718750
653.681880	47.765625
662.419806	47.843750
667.308025	47.890625
676.017751	47.765625
684.762733	47.171875
689.637586	47.007812
698.355210	46.210938
707.106781	45.632812
711.969100	45.570312
720.694110	45.031250
729.451849	44.812500
734.302390	44.890625
743.034320	44.742188
751.797845	44.570312
756.637298	44.539062
765.375725	44.375000
774.144689	44.359375
778.973684	44.265625
787.718224	43.953125
792.590689	44.054688
801.311425	44.046875
810.061726	43.710938
814.923309	43.593750
823.650411	43.375000
832.406151	43.179688
837.257428	43.140625
845.990544	43.054688
854.751426	42.804688
859.592927	42.796875
868.331734	42.531250
877.097486	42.367188
881.929702	42.500000
890.673902	42.390625
899.444273	42.179688
904.267659	42.125000
913.016977	41.992188
917.877988	41.968750
926.606713	41.632812
935.360893	41.484375
940.212742	41.406250
948.946785	41.179688
957.705592	41.000000
962.548700	40.960938
971.287805	40.835938
980.051019	40.726562
984.885780	40.703125
993.629710	40.640625
1002.397127	40.570312
1007.223908	40.546875
1015.972441	40.531250
1024.743870	40.640625
1029.563014	40.640625
1038.315944	40.765625
1047.091209	40.898438
1051.903037	41.125000
1060.660172	42.140625
1065.504575	42.484375
1074.243920	42.562500
1083.005078	42.625000
1087.841900	42.609375
1096.585610	42.546875
1105.350623	42.476562
1110.180166	42.390625
1118.928058	42.328125
1127.696768	42.265625
1132.519316	42.093750
1141.271221	41.523438
1150.043477	41.140625
1154.859299	40.953125
1163.615057	40.718750
1172.390720	40.578125
1177.200068	40.414062
1185.959527	40.195312
1190.798052	40.140625
1199.541579	40.062500
1208.304597	39.781250
1213.136431	39.554688
1221.883792	39.304688
1230.650235	39.148438
1235.475617	38.992188
1244.226667	38.750000
1252.996409	38.593750
1257.815567	38.468750
1266.570172	38.390625
1275.343091	38.171875
1280.156240	37.906250
1288.914272	37.617188
1297.690256	37.546875
1302.497601	37.554688
1311.258937	37.343750
1316.092702	37.132812
1324.839613	36.968750
1333.604139	36.796875
1338.431918	36.695312
1347.182245	36.578125
1355.949852	36.687500
1360.771840	36.687500
1369.525465	36.546875
1378.296049	36.351562
1383.112432	36.265625
1391.869247	36.125000
1400.642710	35.984375
1405.453663	36.101562
1414.213562	36.007812
1422.989810	35.921875
1427.795504	35.906250
1436.558387	35.812500
1441.388220	36.054688
1450.137924	35.937500
1458.903698	35.710938
1463.728117	35.562500
1472.480900	35.312500
1481.249473	35.359375
1486.068639	35.507812
1494.824404	35.593750
1503.595690	35.687500
1508.409759	35.773438
1517.168415	35.695312
1525.942332	35.367188
1530.751449	35.195312
1539.512910	34.781250
1548.289379	34.265625
1553.093687	34.140625
1561.857868	33.492188
1570.636814	34.585938
1575.436447	33.750000
1584.203270	34.851562
1589.024858	33.742188
1597.779709	34.156250
1606.549097	34.468750
1611.365880	32.968750
1620.123452	32.843750
1628.895331	32.640625
1633.707440	32.234375
1642.467656	32.062500
1651.241957	32.015625
1656.049516	31.851562
1664.812302	31.710938
1673.588958	31.531250
1678.392088	31.578125
1687.157373	31.531250
1695.936320	31.531250
1700.735135	31.578125
1709.502852	31.632812
1714.322023	31.695312
1723.078640	31.750000
1731.848723	31.890625
1736.663468	31.843750
1745.422585	31.867188
1754.194972	31.921875
1759.005401	31.460938
1767.766953	31.578125
1776.541584	31.937500
1781.347804	31.710938
1790.111728	31.695312
1798.888546	31.710938
1803.690661	32.242188
1812.456896	33.273438
1821.235844	33.210938
1826.033954	33.171875
1834.802442	33.054688
1839.619526	33.078125
1848.377667	33.015625
1857.148352	33.117188
1861.961331	33.257812
1870.721786	33.273438
1879.494613	33.148438
1884.303585	32.875000
1893.066296	32.695312
1901.841213	32.914062
1906.646270	33.140625
1915.411183	33.890625
1924.188140	34.156250
1928.989373	34.093750
1937.756435	34.148438
1946.535384	34.109375
1951.332878	33.976562
1960.102038	34.375000
1964.917301	34.500000
1973.676772	34.718750
1982.447982	34.984375
1987.259419	35.164062
1996.021042	35.375000
2004.794254	35.585938
2009.601951	35.671875
2018.365675	35.921875
2027.140844	35.984375
2031.944881	36.007812
2040.710661	36.015625
2049.487741	35.960938
2054.288198	35.914062
2063.055986	36.093750
2071.834936	36.281250
2076.631888	36.195312
2085.401640	36.257812
2090.215300	36.593750
2098.975941	36.828125
2107.747613	36.867188
2112.557692	36.929688
2121.320344	37.281250
2130.093895	38.453125
2134.900466	39.406250
2143.665086	39.664062
2152.440475	39.578125
2157.243612	39.546875
2166.010157	39.414062
2174.787346	39.226562
2179.587117	39.171875
2188.355547	40.335938
2197.134497	41.046875
2201.930971	41.093750
2210.701246	41.195312
2219.481922	41.304688
2224.275163	41.351562
2233.047245	41.453125
2237.856117	41.507812
2246.619683	41.609375
2255.393536	41.718750
2260.199106	41.765625
2268.964522	41.867188
2277.740108	41.976562
2282.542442	42.023438
2291.309669	42.125000
2300.086955	42.234375
2304.886114	42.281250
2313.655117	57.945312
2322.434068	62.031250
2327.230113	62.031250
2336.000856	61.210938
2344.781440	61.210938
2349.574430	60.343750
2358.346879	60.343750
2363.154671	60.343750
2371.919054	58.382812
2380.693176	58.382812
2385.497852	58.382812
2394.263979	58.382812
2403.039742	57.171875
2407.841357	56.351562
2416.609195	56.351562
2425.386567	54.039062
2430.185178	54.039062
2438.954694	54.039062
2447.733646	54.039062
2452.529307	54.039062
2461.300469	54.867188
2470.080970	54.867188
2474.873734	53.640625
2483.646513	53.640625
2488.453335	53.640625
2497.218453	52.687500
2505.992817	52.687500
2510.796686	52.687500
2519.563454	52.687500
2528.339376	52.523438
2533.140344	52.710938
2541.908732	52.710938
2550.686182	52.710938
2555.484299	52.710938
2564.254278	52.828125
2573.033229	52.828125
2577.828544	52.828125
2586.600085	52.828125
2595.380512	53.187500
2600.173071	52.656250
2608.946147	52.656250
2613.752092	52.656250
2622.517874	52.656250
2631.292458	51.578125
2636.095598	51.578125
2644.862945	51.578125
2653.639011	51.578125
2658.439392	51.632812
2667.208278	50.898438
2675.985800	50.898438
2680.783468	50.898438
2689.553866	50.898438
2698.332819	51.609375
2703.127818	51.609375
2711.899703	51.609375
2720.680062	51.609375
2725.472436	51.101562
2734.245783	50.273438
2743.027524	50.273438
2747.817316	50.273438
2756.592099	50.273438
2761.394575	50.273438
2770.162450	51.640625
2778.938646	51.640625
2783.738493	52.156250
2792.507833	52.156250
2801.285419	53.093750
2806.082679	53.093750
2814.853460	53.093750
2823.632412	53.093750
2828.427125	53.093750
2837.199323	53.789062
2845.979620	53.789062
2850.771825	53.140625
2859.545418	53.140625
2868.327039	52.117188
2873.116775	52.117188
2881.891740	52.117188
2886.693610	52.117188
2895.461967	52.117188
2904.238282	51.500000
2909.037642	51.687500
2917.807396	51.687500
2926.585041	51.687500
2931.381927	51.687500
2940.153057	52.171875
2948.932010	52.171875
2953.726460	52.171875
2962.498945	52.171875
2971.279186	51.273438
2976.071236	52.531250
