0.000000	39.789062
10.000000	39.789062
20.000000	39.789062
30.000000	39.101562
31.622777	39.101562
41.231056	39.101562
50.990195	39.101562
60.827625	39.640625
70.710678	39.640625
80.622577	39.640625
82.462113	39.640625
92.195445	39.718750
101.980390	39.718750
111.803399	39.718750
121.655251	39.460938
131.529464	39.460938
133.416641	39.460938
143.178211	32.289062
152.970585	30.773438
162.788206	30.617188
172.626765	30.500000
174.642492	30.343750
184.390889	30.203125
194.164878	30.093750
203.960781	29.992188
213.775583	30.445312
223.606798	30.859375
225.610283	30.687500
235.372046	31.968750
245.153013	29.460938
254.950976	29.796875
264.764046	30.648438
274.590604	27.304688
276.586334	26.078125
286.356421	27.476562
296.141858	28.054688
305.941171	26.804688
315.753068	27.921875
325.576412	29.578125
327.566787	29.398438
337.342556	29.242188
347.131099	27.070312
356.931366	26.898438
366.742416	26.960938
368.781778	26.929688
378.549865	27.031250
388.329757	26.976562
398.120585	27.906250
407.921561	29.265625
417.731971	30.218750
419.761837	31.085938
429.534632	27.953125
439.317653	26.609375
449.110231	29.453125
458.911756	31.828125
468.721666	28.554688
470.744092	29.742188
480.520551	31.335938
490.306027	28.367188
500.099990	29.773438
509.901951	29.734375
519.711458	27.593750
521.727898	28.875000
531.507291	29.476562
541.294744	29.625000
551.089829	27.140625
560.892146	27.367188
562.938718	29.898438
572.712843	27.296875
582.494635	27.414062
592.283716	27.851562
602.079729	28.281250
611.882342	27.671875
613.921819	27.726562
623.698645	27.820312
633.482439	28.632812
643.272881	29.070312
653.069675	28.109375
662.872537	28.296875
664.906008	28.484375
674.685112	28.703125
684.470598	29.015625
694.262198	29.421875
704.059657	29.773438
713.862732	30.125000
715.891053	30.203125
725.672102	30.570312
735.459040	31.398438
745.251635	33.226562
755.049667	33.867188
757.099729	33.695312
766.876783	32.179688
776.659514	32.484375
786.447710	32.703125
796.241169	32.968750
806.039701	33.289062
808.084154	33.234375
817.863069	33.539062
827.647268	34.367188
837.436565	35.382812
847.230783	35.304688
857.029754	35.484375
859.069264	35.281250
868.849814	35.773438
878.635305	35.976562
888.425574	36.125000
898.220463	36.132812
908.019824	36.117188
910.054943	35.984375
919.836942	36.140625
929.623580	35.242188
939.414711	35.859375
949.210198	35.914062
951.262319	35.953125
961.041102	36.007812
970.824392	36.023438
980.612054	36.015625
990.403958	35.976562
1000.199980	35.937500
1002.247474	35.929688
1012.027668	35.890625
1021.812116	35.851562
1031.600698	35.773438
1041.393297	35.710938
1051.189802	35.687500
1053.233118	35.671875
1063.014581	35.562500
1072.800075	35.460938
1082.589488	35.460938
1092.382717	35.453125
1102.179659	35.531250
1104.219181	35.562500
1114.001795	35.625000
1123.788236	35.414062
1133.578405	34.960938
1143.372205	34.757812
1145.425685	34.773438
1155.205609	34.945312
1164.989270	34.890625
1174.776575	34.843750
1184.567432	34.601562
1194.361754	34.601562
1196.411301	34.656250
1206.192356	34.953125
1215.976973	35.210938
1225.765067	35.195312
1235.556555	35.664062
1245.351356	35.656250
1247.397290	35.781250
1257.179383	35.031250
1266.964877	37.500000
1276.753696	37.968750
1286.545763	37.968750
1296.341005	37.968750
1298.383610	37.968750
1308.166656	40.000000
1317.952958	40.000000
1327.742445	40.000000
1337.535046	40.000000
1339.589489	40.000000
1349.370223	40.000000
1359.154149	40.000000
1368.941197	40.000000
1378.731301	40.000000
1388.524397	40.000000
1390.575420	40.000000
1400.357097	40.000000
1410.141837	40.000000
1419.929576	40.000000
1429.720252	40.000000
1439.513807	40.000000
1441.561653	40.000000
1451.344205	40.000000
1461.129700	40.000000
1470.918081	40.000000
1480.709289	40.000000
1482.767682	40.000000
1492.548157	40.000000
1502.331521	40.000000
1512.117720	40.000000
1521.906699	40.000000
1531.698404	40.000000
1533.753566	40.000000
1543.534904	40.000000
1553.319027	40.000000
1563.105883	40.000000
1572.895419	40.000000
1582.687588	40.000000
1584.739726	40.000000
1594.521872	40.000000
1604.306704	40.000000
1614.094173	40.000000
1623.884232	40.000000
1625.945879	40.000000
1635.726138	40.000000
1645.509040	40.000000
1655.294536	40.000000
1665.082581	40.000000
1674.873130	40.000000
1676.931722	40.000000
1686.712779	40.000000
1696.496390	40.000000
1706.282509	40.000000
1716.071094	40.000000
1725.862103	40.000000
1727.917822	40.000000
1737.699629	40.000000
1747.483906	40.000000
1757.270611	40.000000
1767.059705	40.000000
1769.124077	40.000000
1778.904157	40.000000
1788.686669	40.000000
1798.471573	40.000000
1808.258831	40.000000
1818.048404	40.000000
1820.109887	40.000000
1829.890707	40.000000
1839.673884	40.000000
1849.459380	40.000000
1859.247159	40.000000
1869.037185	40.000000
1871.095936	40.000000
1880.877455	40.000000
1890.661260	40.000000
1900.447316	40.000000
1910.235588	40.000000
1912.302277	40.000000
1922.082204	40.000000
1931.864384	40.000000
1941.648784	40.000000
1951.435369	40.000000
1961.224108	40.000000
1963.288058	40.000000
1973.068676	40.000000
1982.851482	40.000000
1992.636445	40.000000
2002.423532	40.000000
2012.212712	40.000000
2014.274063	40.000000
2024.055335	40.000000
2033.838735	40.000000
2043.624232	40.000000
2053.411795	40.000000
2055.480479	40.000000
2065.260274	40.000000
2075.042168	40.000000
2084.826132	40.000000
2094.612136	40.000000
2104.400152	40.000000
2106.466235	40.000000
2116.246677	40.000000
2126.029163	40.000000
2135.813662	40.000000
2145.600149	40.000000
2155.388596	40.000000
2157.452201	40.000000
2167.233259	40.000000
2177.016307	40.000000
2186.801317	40.000000
2196.588264	40.000000
2198.658682	40.000000
2208.438362	40.000000
2218.220007	40.000000
2228.003591	40.000000
2237.789087	40.000000
2247.576473	40.000000
2249.644416	40.000000
2259.424706	40.000000
2269.206910	40.000000
2278.991005	40.000000
2288.776966	40.000000
2298.564770	40.000000
2300.630348	40.000000
2310.411219	40.000000
2320.193957	40.000000
2329.978541	40.000000
2339.764945	40.000000
2341.836886	40.000000
2351.616465	40.000000
2361.397891	40.000000
2371.181140	40.000000
2380.966190	40.000000
2390.753019	40.000000
2392.822601	40.000000
2402.602755	40.000000
2412.384712	40.000000
2422.168450	40.000000
2431.953947	40.000000
2441.741182	40.000000
2443.808503	40.000000
2453.589208	40.000000
2463.371673	40.000000
2473.155879	40.000000
2482.941804	40.000000
2485.015090	40.000000
2494.794581	40.000000
2504.575812	40.000000
2514.358765	40.000000
2524.143419	40.000000
2533.929754	40.000000
2536.000789	40.000000
2545.780823	40.000000
2555.562560	40.000000
2565.345981	40.000000
2575.131065	40.000000
2584.917794	40.000000
2586.986664	40.000000
2596.767221	40.000000
2606.549443	40.000000
2616.333312	40.000000
2618.415551	40.000000
2620.534297	40.000000
2630.304165	40.000000
2632.451329	40.000000
2642.214980	40.000000
2644.390289	40.000000
2654.147697	40.000000
2656.350880	40.000000
2666.102024	40.000000
2668.332813	40.000000
2678.077669	40.000000
2680.335800	39.890625
2690.074348	39.492188
2692.359560	39.492188
2702.091782	39.492188
2704.403816	39.492188
2706.750820	37.500000
2716.468295	37.500000
2718.841665	34.773438
2728.552730	34.882812
2730.952215	33.132812
2740.656856	35.523438
2743.082208	36.085938
2752.780413	36.070312
2755.231388	36.125000
2764.923145	36.351562
2767.399501	36.484375
2777.084802	36.632812
2779.586300	36.656250
2789.265136	36.742188
2791.791539	36.812500
2794.351445	36.945312
2804.014979	37.203125
2806.599366	37.414062
2816.256380	37.500000
2818.865020	37.500000
2828.515512	37.500000
2831.148177	37.500000
2840.792143	37.500000
2843.448610	37.500000
2853.086048	37.500000
2855.766097	37.500000
2865.397006	37.500000
2868.100417	37.500000
2877.724796	37.500000
2880.451354	37.500000
2883.210017	37.500000
2892.818695	37.500000
2895.600111	37.500000
2905.202230	37.500000
2908.006190	37.500000
2917.601755	37.500000
2920.428051	37.500000
2930.017065	37.500000
2932.865493	37.500000
2942.447960	37.500000
2945.318319	37.500000
2954.894245	37.445312
2957.786334	37.132812
2967.355725	36.914062
2970.269348	36.640625
2973.213749	36.351562
2982.767172	36.070312
2985.732741	34.585938
2995.279620	34.445312
2998.266166	34.359375
3007.806510	34.296875
3010.813843	34.367188
3020.347662	34.054688
3023.375597	33.789062
3032.902900	33.320312
3035.951251	32.734375
3045.472049	32.328125
3048.540634	31.656250
3058.054937	31.148438
3061.143577	30.523438
3064.261738	30.101562
3073.759913	29.968750
3076.897788	29.429688
3086.389476	29.101562
3089.546892	28.570312
3099.032107	28.257812
3102.208890	27.734375
3111.687645	27.656250
3114.883625	27.312500
3124.355934	27.492188
3127.570942	27.523438
3137.036818	27.648438
3140.270689	27.343750
3149.730147	27.078125
3152.982715	26.820312
3156.263614	26.437500
3165.706872	25.914062
3169.006153	25.476562
3178.443015	25.304688
3181.760519	24.984375
3191.191000	24.718750
3194.526569	24.320312
3203.950686	24.070312
3207.304164	23.726562
3216.721934	23.664062
3220.093166	23.421875
3229.504606	23.171875
3232.893441	22.742188
3242.298567	22.640625
3245.704854	23.250000
3249.138347	24.023438
3258.527275	24.593750
3261.977928	24.640625
3271.360573	24.468750
3274.828240	23.687500
3284.204622	22.804688
3287.689158	22.476562
3297.059296	22.843750
3300.560558	23.062500
3309.924470	23.093750
3313.442319	23.210938
3322.800024	23.578125
3326.334319	23.351562
3335.685837	23.195312
3339.236440	23.382812
3342.813187	23.507812
3352.148565	22.585938
3355.741349	22.914062
3365.070579	23.289062
3368.679266	24.546875
3378.002368	26.039062
3381.626827	28.875000
3390.943821	32.742188
3394.583921	32.359375
3403.894828	32.023438
3407.550440	32.359375
3416.855279	36.875000
3420.526275	43.671875
3429.825068	43.671875
3433.511322	43.671875
3437.222716	43.671875
3446.505477	43.671875
