0.000000	79.062500
10.000000	79.062500
14.142136	79.000000
22.360680	78.882812
28.284271	78.609375
36.055513	78.609375
42.426407	78.390625
50.000000	77.414062
58.309519	77.414062
64.031242	76.679688
72.111026	74.679688
78.102497	74.101562
86.023253	74.101562
92.195445	72.937500
100.000000	69.984375
106.301458	69.242188
114.017543	69.242188
120.415946	67.757812
128.062485	64.148438
134.536240	63.257812
142.126704	63.257812
148.660687	61.476562
156.204994	57.468750
162.788206	56.492188
170.293864	56.492188
176.918060	54.531250
184.390889	50.328125
191.049732	49.320312
198.494332	49.320312
206.155281	45.015625
212.602916	42.937500
220.227155	42.937500
226.715681	38.398438
234.307490	34.968750
240.831892	34.953125
248.394847	33.398438
254.950976	32.132812
262.488095	30.000000
269.072481	28.429688
276.586334	25.453125
283.196045	22.742188
290.688837	20.398438
297.321375	19.156250
304.795013	16.875000
311.448230	16.210938
318.904374	15.210938
325.576412	14.906250
333.016516	13.585938
340.587727	12.718750
347.131099	13.390625
354.682957	13.195312
361.247837	13.937500
368.781778	13.875000
375.366488	14.453125
382.883794	14.273438
389.486842	14.765625
396.988665	14.640625
403.608721	15.148438
411.096096	16.000000
417.731971	16.539062
425.205833	16.937500
431.856458	17.437500
439.317653	18.007812
445.982062	18.507812
453.431362	18.695312
460.108683	19.273438
467.546789	19.523438
475.078941	19.773438
481.663783	20.453125
489.182992	20.398438
495.782210	20.742188
503.289181	20.773438
509.901951	21.062500
517.397333	21.234375
524.022900	21.421875
531.507291	21.500000
538.144962	21.578125
545.618915	21.437500
552.268051	21.625000
559.732079	22.148438
566.392090	22.453125
573.846669	22.789062
580.517011	23.046875
587.962584	22.671875
594.642750	22.882812
602.079729	23.148438
609.590026	23.460938
616.198020	23.703125
623.698645	24.078125
630.317380	24.773438
637.808749	25.257812
644.437739	25.640625
651.920241	25.960938
658.559033	26.148438
666.033032	26.328125
672.681202	26.742188
680.147043	27.132812
686.804193	27.500000
694.262198	27.742188
700.927956	27.875000
708.378430	27.945312
715.052446	28.117188
722.495675	28.203125
729.177619	28.750000
736.613874	29.109375
744.110207	29.421875
750.732975	29.953125
758.221603	30.375000
764.852927	31.000000
772.334125	31.421875
778.973684	32.140625
786.447710	32.625000
793.095202	33.195312
800.562302	33.585938
807.217443	34.031250
814.677850	34.171875
821.340368	34.265625
828.794305	34.546875
835.463943	35.265625
842.911621	35.656250
849.588136	36.484375
857.029754	36.578125
863.712915	36.585938
871.148667	36.757812
878.635305	36.812500
885.268321	37.117188
892.748565	37.281250
899.388681	37.617188
906.862724	37.750000
913.509715	37.960938
920.977741	38.109375
927.631392	38.437500
935.093578	38.609375
941.753683	39.210938
949.210198	39.843750
955.876561	40.390625
963.327566	40.890625
970.000000	41.203125
977.445651	41.375000
984.123976	41.500000
991.564420	41.687500
998.248466	41.984375
1005.683847	42.578125
1013.163363	43.062500
1019.803903	43.273438
1027.277957	43.367188
1033.924562	43.515625
1041.393297	43.601562
1048.045801	43.679688
1055.509356	43.718750
1062.167595	43.765625
1069.626103	43.804688
1076.289924	43.835938
1083.743512	43.859375
1090.412766	43.859375
1097.861558	43.875000
1104.536102	43.875000
1111.980216	43.890625
1118.659913	43.890625
1126.099463	43.906250
1132.784181	43.906250
1140.219277	43.921875
1147.693339	43.937500
1154.339638	48.968750
1161.808934	53.468750
1168.460526	53.468750
1175.925168	53.468750
1182.581921	53.468750
1190.042016	53.468750
1196.703806	53.468750
1204.159458	54.703125
1210.826164	57.062500
1218.277472	57.062500
1224.948979	57.703125
1232.396040	57.703125
1239.072234	57.703125
1246.515142	55.750000
1253.195914	60.476562
1260.634761	60.476562
1267.320007	60.476562
1274.754878	60.476562
1282.224629	56.531250
1288.875479	56.531250
1296.341005	56.531250
1302.996546	57.031250
1310.457935	57.031250
1317.118066	57.031250
1324.575404	54.960938
1331.240023	54.960938
1338.693393	54.960938
1345.362405	55.023438
1352.811886	55.023438
1359.485197	55.023438
1366.930869	56.132812
1373.608387	56.132812
1381.050325	56.132812
1387.731963	53.906250
1395.170241	53.906250
1401.855913	53.906250
1409.290602	55.562500
1416.756860	55.562500
1423.411395	55.562500
1430.873859	55.562500
1437.532608	53.851562
1444.991349	54.210938
1451.654229	54.210938
1459.109317	54.210938
1465.776245	54.210938
1473.227749	54.210938
1479.898645	52.546875
1487.346631	51.843750
1494.021419	51.843750
1501.465950	51.843750
1508.144555	51.843750
1515.585695	51.843750
1522.268045	51.843750
1529.705854	52.960938
1536.391877	52.960938
1543.826415	52.960938
1550.516043	52.960938
1557.947368	52.960938
1565.407295	53.570312
1572.068701	56.718750
1579.525245	56.718750
1586.190405	56.718750
1593.643624	54.367188
1600.312469	54.367188
1607.762420	54.367188
1614.434886	57.687500
1621.881623	57.687500
1628.557644	57.687500
1636.001222	55.859375
1642.680736	55.859375
1650.121208	55.859375
1656.804153	58.718750
1664.241569	58.718750
1670.927886	58.718750
1678.362297	58.429688
1685.051928	58.429688
1692.483382	58.429688
1699.941175	58.429688
1706.604817	59.406250
1714.059509	59.000000
1720.726591	59.000000
1728.178232	59.000000
1734.848697	59.000000
1742.297334	59.000000
1748.971126	59.031250
1756.416807	58.570312
1763.093872	58.570312
1770.536642	58.570312
1777.216925	58.570312
1784.656830	58.570312
1791.340280	57.976562
1798.777363	58.789062
1805.463929	58.789062
1812.898232	58.789062
1819.587865	58.789062
1827.019431	58.789062
1834.475402	57.460938
1841.140951	55.570312
1848.594060	55.570312
1855.262785	55.570312
1862.713075	55.570312
1869.384926	55.570312
1876.832438	57.210938
1883.507367	54.289062
1890.952141	54.289062
1897.630101	54.289062
1905.072177	54.289062
1911.753122	54.289062
1919.192539	53.007812
1925.876424	52.203125
1933.313218	52.203125
1940.000000	52.203125
1947.434209	52.203125
1954.123845	52.203125
1961.555505	51.492188
1969.009903	51.492188
1975.677099	53.710938
1983.128841	53.710938
1989.798985	53.710938
1997.248107	56.421875
2003.921156	56.421875
2011.367694	56.421875
2018.043607	57.929688
2025.487596	57.929688
2032.166332	57.929688
2039.607805	58.703125
2046.289325	58.703125
2053.728317	58.703125
2060.412580	59.359375
2067.849124	59.359375
2074.536093	59.359375
2081.970221	59.359375
2088.659857	59.359375
2096.091601	59.359375
2103.544628	59.359375
2110.213259	59.242188
2117.663807	57.890625
2124.335190	57.890625
2131.783291	57.890625
2138.457388	57.890625
2145.903073	57.890625
2152.579848	57.070312
2160.023148	57.226562
2166.702564	57.226562
2174.143510	57.226562
2180.825532	57.226562
2188.264152	57.226562
2194.948747	58.210938
2202.385071	59.062500
2209.072203	59.062500
2216.506260	59.062500
2223.195898	59.062500
2230.627714	59.062500
2238.079534	61.031250
2244.749429	61.320312
2252.198925	61.320312
2258.871400	61.320312
2266.318601	61.320312
2272.993621	61.320312
2280.438554	59.648438
2287.116088	61.109375
2294.558781	61.109375
2301.238797	61.109375
2308.679276	61.109375
2315.361743	61.109375
2322.800034	58.796875
2329.484922	58.148438
2336.921051	58.148438
2343.608329	58.148438
2351.042322	58.148438
2357.731961	57.937500
2365.163842	53.406250
2372.614592	53.406250
2379.285607	52.406250
2386.734170	52.406250
2393.407613	52.406250
2400.854015	52.781250
2407.529854	52.781250
2414.974120	52.781250
2421.652328	51.468750
2429.094481	51.468750
2435.775031	51.468750
2443.215095	52.398438
2449.897957	52.398438
2457.335956	52.398438
2464.021104	53.187500
2471.457060	53.187500
2478.144467	53.187500
2485.578404	55.437500
2492.268043	55.437500
2499.699982	55.437500
2507.149776	55.437500
2513.821792	59.601562
2521.269521	61.781250
2527.943828	61.781250
2535.389516	61.781250
2542.066089	61.781250
2549.509757	61.781250
2556.188569	64.570312
2563.630239	64.968750
2570.311265	64.968750
2577.750958	64.968750
2584.434174	64.968750
2591.871910	64.968750
2598.557292	65.226562
2605.993093	62.859375
2612.680616	62.859375
2620.114501	62.859375
2626.804142	62.859375
2634.236132	62.859375
2641.685068	61.929688
2648.357982	60.007812
2655.804963	60.007812
2662.480047	60.007812
2669.925093	60.007812
2676.602324	60.007812
2684.045454	58.070312
2690.724809	58.890625
2698.166044	58.890625
2704.847500	58.890625
2712.286858	58.890625
2718.970393	58.890625
2726.407893	59.281250
2733.093485	58.312500
2740.529146	58.312500
2747.216773	58.312500
2754.650613	58.312500
2761.340254	58.312500
2768.772291	58.250000
2776.220452	58.250000
2782.894177	52.078125
2790.340481	52.078125
2797.016267	52.078125
2804.460732	51.828125
2811.138559	51.828125
2818.581203	51.828125
2825.261050	50.703125
2832.701890	50.703125
2839.383736	50.703125
2846.822790	51.609375
2853.506615	51.609375
2860.943900	51.609375
2867.629683	51.859375
2875.065217	51.859375
2881.752939	51.859375
2889.186737	52.531250
2895.876379	52.531250
2903.308458	52.531250
2910.000000	52.320312
2917.430376	53.921875
2924.876066	53.921875
2931.552490	53.921875
2938.996427	53.921875
2945.674795	54.406250
2953.116997	55.382812
2959.797290	55.382812
2967.237773	55.382812
2973.919972	55.382812
2981.358751	55.382812
2988.042838	58.890625
2995.479928	59.281250
3002.165885	59.281250
3009.601302	59.281250
3016.289111	59.281250
3023.722871	59.281250
3030.412513	62.156250
3037.844631	63.000000
3044.536089	63.000000
3051.966579	63.000000
3059.411708	63.000000
3066.088714	63.000000
3073.532170	62.406250
3080.211032	66.453125
3087.652830	66.453125
3094.333531	66.453125
3101.773686	66.453125
3108.456208	66.453125
3115.894735	65.429688
3122.579062	67.070312
3130.015974	67.070312
3136.702090	67.070312
3144.137402	67.070312
3150.825289	67.070312
3158.259014	64.617188
3164.948657	64.296875
3172.380809	64.296875
3179.072192	64.296875
3186.502785	64.296875
3193.947401	60.929688
3200.624939	60.929688
3208.067954	60.929688
3214.747268	58.882812
3222.188697	58.882812
3228.869771	58.882812
3236.309627	57.421875
3242.992445	57.421875
3250.430741	57.421875
3257.115288	58.000000
3264.552037	58.000000
3271.238298	58.000000
3278.673512	57.476562
3285.361472	57.476562
3292.795165	57.476562
3299.484808	57.742188
3306.916993	57.742188
3313.608305	57.742188
3321.038994	57.929688
3328.483138	57.929688
3335.161166	57.929688
3342.603776	57.929688
3349.283505	57.617188
3356.724594	57.617188
3363.406012	57.617188
3370.845591	57.617188
3377.528682	57.617188
3384.966765	57.617188
3391.651515	56.820312
3399.088113	56.476562
3405.774508	56.476562
3413.209633	56.476562
3419.897659	56.476562
3427.331323	56.476562
3434.020967	56.187500
3441.453181	54.773438
3448.144429	54.773438
3455.575205	54.773438
3463.018914	54.773438
3469.697393	54.773438
3477.139629	54.453125
3483.819743	57.046875
3491.260517	57.046875
3497.942252	57.046875
3505.381577	57.046875
3512.064920	57.046875
3519.502806	56.343750
3526.187743	57.882812
3533.624202	57.882812
3540.310721	57.882812
3547.745763	57.882812
3554.433851	57.882812
3561.867488	54.890625
3568.557131	51.070312
3575.989374	51.070312
3582.680561	51.070312
3590.111419	51.070312
3597.554725	51.632812
3604.233622	51.632812
3611.675511	51.632812
3618.355980	51.179688
3625.796464	51.179688
3632.478493	51.179688
3639.917581	51.296875
3646.601157	51.296875
3654.038861	51.296875
3660.723972	50.851562
3668.160302	50.851562
3674.846936	50.851562
3682.281901	50.789062
3688.970046	50.789062
3696.403658	50.789062
3703.093302	51.046875
3710.525569	51.046875
3717.216701	51.046875
3724.647634	50.656250
3732.090567	50.656250
3738.769851	50.656250
3746.211420	50.656250
3752.892218	50.851562
3760.332432	50.382812
3767.014733	50.382812
3774.453603	50.382812
3781.137395	50.382812
3788.574930	50.382812
3795.260202	50.601562
3802.696412	50.632812
3809.383152	50.632812
3816.818046	50.632812
3823.506244	50.632812
3830.939832	50.632812
3837.629477	51.109375
3845.061768	50.679688
3851.752848	50.679688
3859.183852	50.679688
3866.626437	50.679688
3873.306081	50.679688
3880.747351	50.718750
3887.428456	50.640625
3894.868419	50.640625
3901.550974	50.640625
3908.989639	50.640625
3915.673633	50.640625
3923.111010	50.906250
3929.796432	50.570312
3937.232531	50.570312
3943.919370	50.570312
3951.354198	50.570312
3958.042445	50.570312
3965.476012	50.710938
3972.165656	50.976562
3979.597970	50.976562
3986.289001	50.976562
3993.720070	50.976562
4001.162331	50.609375
4007.842312	50.609375
4015.283303	50.609375
4021.964694	51.093750
4029.404422	51.093750
4036.087214	51.093750
4043.525689	50.882812
4050.209871	50.882812
4057.647101	50.882812
4064.332664	50.953125
4071.768657	50.953125
4078.455590	50.953125
4085.890356	51.000000
4092.578649	51.000000
4100.012195	51.000000
4106.701840	51.109375
4114.134174	51.109375
4120.825160	51.109375
4128.256290	50.679688
4134.948609	50.679688
4142.378544	50.679688
4149.819273	50.679688
4156.500932	50.921875
4163.940441	51.546875
4170.623455	51.546875
4178.061752	51.546875
4184.746109	51.546875
4192.183202	51.546875
4198.868895	52.070312
4206.304792	51.296875
4212.991811	51.296875
4220.426519	51.296875
4227.114855	51.296875
4234.548382	51.390625
4241.238027	50.968750
4248.670380	50.968750
4255.361324	50.968750
4262.792512	50.968750
4269.484746	50.968750
4276.914776	51.906250
4284.355261	51.906250
4291.037171	51.953125
4298.476474	51.953125
4305.159695	51.953125
4312.597825	52.812500
4319.282348	52.812500
4326.719311	52.812500
4333.405128	51.726562
4340.840932	51.726562
4347.528033	51.726562
4354.962686	52.117188
4361.651064	52.117188
4369.084572	52.117188
4375.774217	52.046875
4383.206589	52.046875
4389.897493	52.046875
4397.328735	53.398438
4404.020890	53.398438
4411.451008	53.398438
4418.891264	53.398438
4425.573409	54.210938
4433.012520	52.703125
4439.695936	52.703125
4447.133908	52.703125
4453.818586	52.703125
4461.255429	52.703125
4467.941360	51.773438
4475.377079	51.421875
4482.064257	51.421875
4489.498858	51.421875
4496.187274	51.421875
4503.620766	51.421875
4510.310411	50.820312
4517.742799	50.968750
4524.433666	50.968750
4531.864958	50.968750
4538.557039	50.968750
4545.987242	50.968750
4553.427281	50.679688
4560.109648	51.046875
4567.548577	51.046875
4574.232176	51.046875
4581.670001	51.046875
4588.354825	51.046875
4595.791553	51.429688
4602.477594	51.476562
4609.913231	51.476562
4616.600481	51.476562
4624.035034	51.476562
4630.723486	51.476562
4638.156962	51.562500
4644.846607	51.859375
4652.279011	51.859375
4658.969843	51.859375
4666.401183	51.859375
4673.093194	51.859375
4680.523475	52.000000
4687.963310	52.000000
4694.645887	52.382812
4702.084644	52.382812
4708.768416	52.382812
4716.206102	51.773438
4722.891064	51.101562
4730.327684	51.101562
4737.013827	51.101562
4744.449388	51.101562
4751.136706	51.101562
4758.571214	50.671875
4765.259699	51.148438
4772.693160	51.148438
4779.382805	51.148438
4786.815225	51.148438
4793.506024	51.148438
4800.937408	51.453125
4807.629353	51.796875
4815.059709	51.796875
4822.499352	51.796875
4829.182125	51.796875
4836.620721	52.398438
4843.304657	52.398438
4850.742211	52.398438
4857.427303	52.679688
4864.863821	52.679688
4871.550061	52.679688
4878.985550	52.179688
4885.672932	52.179688
4893.107397	52.179688
4899.795914	51.851562
4907.229361	51.851562
4913.919006	51.851562
4921.351440	51.507812
4928.042208	51.507812
4935.473635	51.507812
4942.165517	50.710938
4949.595943	50.710938
4957.035404	50.820312
4963.718364	50.820312
4971.156807	50.820312
4977.840897	50.820312
4985.278327	50.820312
4991.963542	51.710938
4999.399964	51.156250
5006.086296	51.156250
5013.521716	51.156250
5020.209159	51.156250
5027.643583	51.156250
5034.332130	51.796875
5041.765564	51.781250
5048.455209	51.781250
5055.887657	51.781250
5062.578394	51.781250
5070.009862	51.781250
5076.701685	51.460938
5084.132178	51.976562
5091.571467	51.976562
5098.254603	51.976562
5105.692901	51.976562
5112.377138	51.976562
5119.814450	51.289062
5126.499781	51.523438
5133.936112	51.523438
5140.622530	51.523438
5148.057886	51.523438
5154.745387	51.523438
5162.179772	51.257812
5168.868348	52.000000
5176.301769	52.000000
5182.991414	52.000000
5190.423875	52.000000
5197.114584	52.000000
5204.546090	52.171875
5211.237857	52.656250
5218.668413	52.656250
5226.107538	52.656250
5232.790842	52.656250
5240.229003	52.773438
5246.913378	52.773438
5254.350578	52.773438
5261.036020	52.742188
5268.472264	52.742188
5275.158765	52.742188
5282.594060	52.187500
5289.281615	52.187500
5296.715964	52.187500
5303.404567	52.718750
5310.837975	52.718750
5317.527621	52.718750
5324.960094	52.148438
5331.650776	52.148438
5339.082318	52.148438
5345.774032	52.773438
5353.204648	52.773438
5360.643618	54.109375
5367.327082	54.109375
5374.765111	54.109375
5381.449619	54.109375
5388.886712	54.109375
5395.572259	54.148438
5403.008421	54.828125
5409.695001	54.828125
5417.130237	54.828125
5423.817844	54.828125
5431.252158	54.828125
5437.940787	53.257812
5445.374184	55.210938
5452.063829	55.210938
5459.496314	55.210938
5466.186971	55.210938
5473.618547	55.210938
5480.310210	54.382812
5487.740883	54.937500
5494.433547	54.937500
5501.863321	54.937500
5509.301226	54.789062
5515.985859	54.937500
5523.422852	54.789062
5530.108498	53.539062
5537.544582	53.539062
5544.231236	53.539062
5551.666416	53.460938
5558.354073	53.460938
5565.788354	53.460938
5572.477008	52.296875
5579.910394	52.296875
5586.600039	52.296875
5594.032535	52.351562
5600.723168	52.351562
5608.154777	52.351562
5614.846391	51.671875
5622.277119	51.671875
5628.969710	51.671875
5636.399560	52.781250
5643.837347	52.781250
5650.522100	52.781250
5657.958996	52.781250
5664.644737	52.023438
5672.080747	51.648438
5678.767472	51.648438
5686.202599	51.648438
5692.890303	51.648438
5700.324552	51.648438
5707.013229	51.539062
5714.446605	51.843750
5721.136251	51.843750
5728.568757	51.843750
5735.259366	51.843750
5742.691007	51.843750
5749.382576	52.820312
5756.813355	51.390625
5763.505878	51.390625
5770.935799	51.390625
5778.373474	51.390625
5785.058340	51.390625
5792.495145	51.132812
5799.180977	51.320312
5806.616915	51.320312
5813.303708	51.320312
5820.738785	51.320312
5827.426533	51.320312
5834.860752	51.429688
5841.549452	51.617188
5848.982818	51.617188
5855.672464	51.617188
5863.104979	51.617188
5869.795567	51.617188
5877.227237	52.710938
5883.918762	53.273438
5891.349591	53.273438
5898.042048	53.273438
5905.472039	53.273438
5912.909605	53.468750
5919.594581	53.468750
5927.031297	53.468750
5933.717216	53.976562
5941.153087	53.976562
5947.839944	53.976562
5955.274973	52.757812
5961.962764	52.757812
5969.396954	52.757812
5976.085675	51.679688
5983.519031	51.679688
5990.208678	51.679688
5997.641203	52.562500
6004.331770	52.562500
6011.763468	52.562500
6018.454951	52.281250
6025.885827	52.281250
6032.578222	52.281250
6040.008278	51.679688
6047.445742	51.679688
6054.130821	51.679688
6061.567454	51.679688
6068.253455	51.992188
6075.689261	51.671875
6082.376180	51.671875
6089.811163	51.671875
6096.498995	51.671875
6103.933158	51.671875
6110.621900	51.953125
6118.055247	51.976562
6124.744893	51.976562
6132.177427	51.976562
6138.867974	51.976562
6146.299700	51.976562
6152.991143	52.953125
6160.422063	51.828125
6167.114398	51.828125
6174.544518	51.828125
6181.981883	51.828125
6188.667062	51.828125
6196.103614	51.789062
6202.789695	51.796875
6210.225439	51.796875
6216.912417	51.796875
6224.347355	51.796875
6231.035227	51.796875
6238.469364	52.078125
6245.158124	51.750000
6252.591463	51.750000
6259.281109	51.750000
6266.713652	51.750000
6273.404180	51.750000
6280.835932	52.781250
6287.527336	53.351562
6294.958300	53.351562
6301.650577	53.351562
6309.080757	53.351562
6316.518028	53.867188
6323.203302	53.867188
6330.639778	53.867188
6337.325934	54.062500
6344.761619	54.062500
6351.448654	54.062500
6358.883550	52.953125
6365.571459	52.953125
6373.005570	52.953125
6379.694350	53.507812
6387.127680	53.507812
6393.817326	53.507812
6401.249878	52.390625
6407.940387	52.390625
6415.372164	52.390625
6422.063531	52.671875
6429.494537	52.671875
6436.186759	52.671875
6443.616997	52.351562
6451.054177	52.351562
6457.739543	52.171875
6465.175945	52.171875
6471.862174	52.171875
6479.297801	51.281250
6485.984891	51.281250
6493.419746	51.281250
6500.107691	52.843750
6507.541779	52.843750
6514.230576	52.843750
6521.663898	52.757812
6528.353544	52.757812
6535.786104	52.757812
6542.476595	52.062500
6549.908396	52.062500
6556.599729	52.062500
6564.030774	51.562500
6570.722943	51.562500
6578.153236	51.562500
6585.590330	51.562500
6592.275783	51.351562
6599.712115	51.546875
6606.398414	51.546875
6613.833986	51.546875
6620.521128	51.546875
6627.955944	51.546875
6634.643924	51.750000
6642.077988	51.320312
6648.766803	51.320312
6656.200117	51.320312
6662.889763	51.320312
6670.322331	51.320312
6677.012805	51.593750
6684.444629	51.242188
6691.135927	51.242188
6698.567011	51.242188
6705.259130	51.242188
6712.689476	51.242188
6720.126487	51.109375
6726.812024	51.429688
6734.248288	51.429688
6740.934653	51.429688
6748.370174	51.429688
6755.057365	51.429688
6762.492144	51.296875
6769.180157	51.531250
6776.614199	51.531250
6783.303030	51.531250
6790.736337	51.531250
6797.425983	51.531250
6804.858558	51.507812
6811.549016	51.757812
6818.980862	51.757812
6825.672128	51.757812
6833.103248	51.757812
6839.795319	51.757812
6847.225716	51.828125
6853.918587	52.140625
6861.348264	52.140625
6868.784463	52.007812
6875.470893	52.007812
6882.906363	52.007812
6889.593602	52.007812
6897.028346	52.007812
6903.716390	51.820312
6911.150411	51.929688
6917.839258	51.929688
6925.272558	51.929688
6931.962204	51.929688
6939.394786	51.929688
6946.085228	51.742188
6953.517096	51.960938
6960.208330	51.960938
6967.639486	51.960938
6974.331509	51.960938
6981.761955	51.960938
6988.454765	51.890625
6995.884504	51.601562
7003.320641	51.601562
7010.007133	51.601562
7017.442554	51.601562
7024.129839	51.601562
7031.564549	52.117188
7038.252624	52.007812
7045.686624	52.007812
7052.375486	52.007812
7059.808779	52.007812
7066.498426	52.007812
7073.931015	52.078125
7080.621442	51.929688
7088.053329	51.929688
7094.744534	51.929688
7102.175723	51.929688
7108.867702	51.929688
7116.298195	52.046875
7122.990945	51.570312
7130.420745	51.570312
7137.856821	51.570312
7144.543372	51.570312
7151.978747	51.890625
7158.666077	51.890625
7166.100753	51.890625
7172.788858	51.507812
7180.222838	51.507812
7186.911715	51.507812
7194.345001	52.101562
7201.034648	52.101562
7208.467243	52.101562
7215.157656	52.492188
7222.589563	52.492188
7229.280739	52.492188
7236.711961	52.367188
7243.403896	52.367188
7250.834435	52.367188
7257.527127	53.203125
7264.956985	53.203125
7272.393004	52.468750
7279.079612	52.468750
7286.514942	52.468750
7293.202314	52.468750
7300.636959	52.468750
7307.325092	54.031250
7314.759053	53.507812
7321.447944	53.507812
7328.881224	53.507812
7335.570871	53.507812
7343.003473	53.507812
7349.693871	52.492188
7357.125797	52.070312
7363.816945	52.070312
7371.248198	52.070312
7377.940092	52.070312
7385.370675	52.070312
7392.063311	52.609375
7399.493226	53.132812
7406.929188	53.132812
7413.615852	53.132812
7421.051138	53.132812
7427.738552	53.132812
7435.173165	53.359375
7441.861326	53.609375
7449.295269	53.609375
7455.984174	53.609375
7463.417448	53.609375
7470.107094	53.609375
7477.539702	53.132812
7484.230087	53.046875
7491.662032	53.046875
7498.353153	53.046875
7505.784436	53.046875
7512.476289	53.046875
7519.906914	51.898438
7526.599498	51.453125
7534.029466	51.453125
7541.465375	51.453125
7548.152092	51.453125
7555.587337	51.429688
7562.274790	51.429688
7569.709374	51.429688
7576.397561	52.328125
7583.831485	52.328125
7590.520404	52.328125
7597.953672	53.687500
7604.643318	53.687500
7612.075932	53.687500
7618.766304	53.703125
7626.198267	53.703125
7632.889361	53.703125
7640.320674	51.640625
7647.012489	51.640625
7654.443154	51.640625
7661.135686	52.156250
7668.565707	52.156250
7676.001563	52.476562
7682.688332	52.476562
7690.123536	52.476562
7696.811028	52.476562
7704.245583	52.476562
7710.933796	52.687500
7718.367703	52.812500
7725.056634	52.812500
7732.489897	52.812500
7739.179543	52.812500
7746.612163	52.812500
7753.302522	52.492188
7760.734501	52.351562
7767.425571	52.351562
7774.856912	52.351562
7781.548689	52.351562
7788.979394	52.351562
7795.671876	52.210938
7803.101947	51.937500
7810.537754	51.937500
7817.224571	51.937500
7824.659737	51.937500
7831.347266	51.937500
7838.781793	51.679688
7845.470031	51.812500
7852.903921	51.812500
7859.592865	51.812500
7867.026122	51.812500
7873.715768	51.812500
7881.148393	51.960938
7887.838741	51.726562
7895.270736	51.726562
7901.961782	51.726562
7909.393150	51.726562
7916.084891	51.726562
7923.515634	51.929688
7930.208068	51.906250
7937.638188	51.906250
7945.073946	51.906250
7951.760811	51.906250
7959.195939	52.617188
7965.883504	52.617188
7973.318004	52.617188
7980.006266	53.742188
7987.440141	53.742188
7994.129096	53.742188
8001.562347	53.679688
8008.251994	53.679688
8015.684625	53.679688
8022.374960	52.429688
8029.806972	52.429688
8036.497994	52.429688
8043.929388	52.101562
8050.621094	52.101562
8058.051874	52.101562
8064.744261	52.203125
8072.174428	52.203125
8078.867495	52.203125
8086.297051	51.671875
8093.732143	51.671875
8100.419742	51.671875
8107.854217	51.671875
8114.542501	52.187500
8121.976360	52.007812
8128.665327	52.007812
8136.098574	52.007812
8142.788220	52.007812
8150.220856	52.007812
8156.911180	52.070312
8164.343207	51.898438
8171.034206	51.898438
8178.465626	51.898438
8185.157298	51.898438
8192.588114	51.679688
8199.280456	51.742188
8206.710669	51.742188
8213.403679	51.742188
8220.833291	51.742188
8228.268348	51.437500
8234.955980	53.109375
8242.390430	53.109375
8249.078736	53.109375
8256.512581	53.109375
8263.201559	53.109375
8270.634800	52.781250
8277.324447	52.359375
8284.757088	52.359375
8291.447401	52.359375
8298.879442	52.359375
8305.570420	52.359375
8313.001865	51.578125
8319.693504	51.367188
8327.124354	51.367188
8333.816653	51.367188
8341.246909	51.367188
8347.939866	51.367188
8355.369531	51.390625
8362.804553	51.390625
8369.492219	51.398438
8376.926644	51.398438
8383.614972	51.398438
8391.048802	51.890625
8397.737791	51.890625
8405.171027	51.890625
8411.860674	53.390625
8419.293320	53.390625
8425.983622	53.390625
8433.415678	52.453125
8440.106634	52.453125
8447.538103	52.453125
8454.229711	52.437500
8461.660594	52.437500
8468.352850	52.437500
8475.783150	52.078125
8482.476054	52.078125
8489.905771	52.078125
8497.340760	52.078125
8504.028457	52.312500
8511.462859	52.132812
8518.151208	52.132812
8525.585024	52.132812
8532.274023	52.132812
8539.707255	52.132812
8546.396902	52.250000
8553.829552	52.742188
8560.519844	52.742188
8567.951914	52.742188
8574.642850	52.742188
8582.074341	52.742188
8588.765918	52.117188
8596.196833	52.343750
8602.889050	52.343750
8610.319390	52.343750
8617.012243	52.343750
8624.442011	52.343750
8631.876969	52.976562
8638.564696	52.132812
8645.999075	52.132812
8652.687444	52.132812
8660.121246	52.132812
8666.810255	52.132812
8674.243483	53.070312
8680.933130	52.757812
8688.365784	52.757812
8695.056067	52.757812
8702.488150	52.757812
8709.179066	52.757812
8716.610580	53.507812
8723.302127	52.640625
8730.733073	52.640625
8737.425250	52.640625
8744.855631	52.640625
8751.548434	52.640625
8758.978251	53.148438
8766.413178	53.148438
8773.100934	52.156250
8780.535291	52.156250
8787.223680	52.156250
8794.657469	52.078125
8801.346488	52.078125
8808.779711	52.078125
8815.469358	52.359375
8822.902017	52.359375
8829.592290	52.359375
8837.024386	52.679688
8843.715283	52.679688
8851.146818	52.679688
8857.838337	52.843750
8865.269313	52.843750
8871.961452	52.843750
8879.391871	52.601562
8886.084627	52.601562
8893.514491	52.601562
8900.949388	52.601562
8907.637173	52.632812
8915.071508	52.640625
8921.759916	52.640625
8929.193693	52.640625
8935.882721	52.640625
8943.315940	52.640625
8950.005587	52.257812
8957.438250	52.156250
8964.128513	52.156250
8971.560622	52.156250
8978.251500	52.156250
8985.683057	52.156250
8992.374547	52.421875
8999.805553	52.570312
9006.497654	52.570312
9013.928112	52.570312
9020.620821	52.570312
9028.050731	52.570312
9035.485598	53.039062
9042.173411	52.601562
9049.607726	52.601562
9056.296152	52.601562
9063.729917	52.601562
9070.418954	52.601562
9077.852169	52.117188
9084.541816	52.429688
9091.974483	52.429688
9098.664737	52.429688
9106.096859	52.429688
9112.787718	52.429688
9120.219296	52.398438
9126.910759	52.367188
9134.341793	52.367188
9141.033858	52.367188
9148.464352	52.367188
9155.157017	52.367188
9162.586971	52.062500
9170.021810	52.062500
9176.709650	51.953125
9184.143945	51.953125
9190.832389	51.953125
9198.266141	52.351562
9204.955187	52.351562
9212.388398	52.351562
9219.078045	52.578125
9226.510716	52.578125
9233.200962	52.578125
9240.633095	52.843750
9247.323937	52.843750
9254.755534	52.843750
9261.446971	52.656250
9268.878034	52.656250
9275.570063	52.656250
9283.000592	53.007812
9289.693213	53.007812
9297.123211	53.007812
9304.558023	53.007812
9311.245889	52.992188
9318.680164	54.210938
9325.368625	54.210938
9332.802366	54.210938
9339.491421	54.210938
9346.924628	54.210938
9353.614275	53.421875
9361.046950	53.648438
9367.737187	53.648438
9375.169332	53.648438
9381.860157	53.648438
9389.291773	53.648438
9395.983184	52.640625
9403.414274	52.242188
9410.106269	52.242188
9417.536833	52.242188
9424.229411	52.242188
9431.659451	52.242188
9438.352610	52.062500
9445.782127	52.593750
9453.216384	52.593750
9459.904862	52.593750
9467.338591	52.593750
9474.027655	52.593750
9481.460858	52.882812
9488.150505	53.828125
9495.583184	53.828125
9502.273412	53.828125
9509.705569	52.789062
9516.396377	52.789062
9523.828012	52.789062
9530.519398	53.742188
9537.950514	53.742188
9544.642476	53.742188
9552.073073	53.000000
9558.765611	53.000000
9566.195691	53.000000
9572.888801	53.593750
9580.318366	53.593750
9587.752604	53.242188
9594.441099	53.242188
9601.874817	53.242188
9608.563889	53.242188
9615.997088	53.242188
9622.686735	53.039062
9630.119418	52.562500
9636.809638	52.562500
9644.241805	52.562500
9650.932597	52.562500
9658.364251	52.562500
9665.055613	52.539062
9672.486754	52.156250
9679.178684	52.156250
9686.609314	52.156250
9693.301811	52.156250
9700.731931	52.156250
9707.424993	52.156250
9714.854605	52.289062
9722.288825	52.289062
9728.977336	52.289062
9736.411043	52.289062
9743.100123	52.289062
9750.533319	52.421875
9757.222966	52.578125
9764.655652	52.578125
9771.345864	52.578125
9778.778042	52.578125
9785.468819	52.578125
9792.900490	52.757812
9799.591828	52.929688
9807.022994	52.929688
9813.714893	52.929688
9821.145554	52.929688
9827.838013	52.929688
9835.268171	53.257812
9841.961187	53.210938
9849.390844	53.210938
9856.825047	53.210938
9863.513573	53.210938
9870.947270	54.367188
9877.636357	54.367188
9885.069550	54.367188
9891.759196	54.531250
9899.191886	54.437500
9905.882091	54.429688
9913.314279	54.429688
9920.005040	54.406250
9927.436729	54.242188
9934.128044	54.226562
9941.559234	54.226562
9948.251103	54.203125
9955.681795	53.843750
9962.374215	53.531250
9969.804411	53.531250
9976.497381	53.531250
9983.927083	53.531250
9991.361269	52.593750
9998.049810	52.593750
10005.483497	52.593750
10012.172591	52.460938
10019.605781	52.460938
10026.295428	52.460938
10033.728121	52.648438
10040.418318	52.648438
10047.850516	52.648438
10054.541263	52.960938
10061.972968	52.960938
10068.664261	52.960938
10076.095474	53.242188
10082.787313	53.242188
10090.218035	53.242188
10096.910419	53.242188
10104.340651	53.242188
10111.033577	53.242188
10118.463322	53.289062
10125.897491	53.289062
10132.586047	53.289062
10140.019724	53.289062
10146.708826	53.078125
10154.142012	52.671875
10160.831659	52.671875
10168.264355	52.671875
10174.954545	52.671875
10182.386754	52.671875
10189.077485	52.382812
10196.509207	52.976562
10203.200478	52.976562
10210.631714	52.976562
10217.323524	52.976562
10224.754276	52.976562
10231.446623	52.968750
10238.876892	53.687500
10245.569774	53.687500
10252.999561	53.648438
10260.433714	53.648438
10267.122284	53.664062
10274.555951	53.250000
10281.245061	52.632812
10288.678244	52.632812
10295.367890	52.632812
10302.800590	52.632812
10309.490773	52.632812
10316.922991	52.382812
10323.613708	52.437500
10331.045446	52.437500
10337.736696	52.437500
10345.167954	52.437500
10351.859736	52.437500
10359.290516	52.593750
10365.982828	52.359375
10373.413132	52.359375
10380.105972	52.359375
10387.535800	52.359375
10394.969937	52.429688
10401.658522	52.429688
10409.092179	52.429688
10415.781296	52.593750
10423.214475	52.593750
10429.904122	52.593750
10437.336825	52.359375
10444.027001	52.359375
10451.459228	52.359375
10458.149932	52.437500
10465.581685	52.437500
10472.272915	52.437500
10479.704194	52.429688
10486.395949	52.429688
10493.826757	52.429688
10500.519035	52.343750
10507.949372	52.343750
10514.642172	52.343750
10522.072039	52.687500
10529.506161	52.687500
10536.194759	52.687500
10543.628408	52.687500
10550.317531	53.312500
10557.750707	53.289062
10564.440354	53.289062
10571.873060	53.289062
10578.563229	53.289062
10585.995466	53.289062
10592.686156	52.960938
10600.117924	54.046875
10606.809134	54.070312
10614.240434	54.070312
10620.932162	54.101562
10628.362997	54.085938
10635.055242	54.132812
10642.485612	54.023438
10649.178372	54.023438
10656.608278	54.023438
10664.042386	54.023438
10670.730997	54.023438
10678.164636	54.117188
10684.853766	53.750000
10692.286940	53.750000
10698.976587	53.750000
10706.409295	53.750000
10713.099458	53.750000
10720.531703	52.453125
10727.222380	52.929688
10734.654163	52.929688
10741.345353	52.929688
10748.776675	52.929688
10755.468377	52.929688
10762.899238	52.976562
10769.591450	52.437500
10777.021852	52.437500
10783.714573	52.437500
10791.144518	52.437500
10797.837747	52.437500
10805.267234	53.898438
10812.700865	53.867188
10819.390001	51.976562
10826.823172	52.593750
10833.512819	52.593750
10840.945531	52.593750
10847.635687	52.593750
10855.067941	52.593750
10861.758605	52.187500
10869.190402	53.000000
10875.881573	53.000000
10883.312915	53.000000
10890.004591	53.000000
10897.435478	53.000000
10904.127659	52.531250
10911.558092	53.273438
10918.250776	53.273438
10925.680757	53.273438
10932.373942	53.273438
10939.803472	53.273438
10947.237094	53.031250
10953.926237	52.726562
10961.359405	52.726562
10968.049052	52.726562
10975.481766	52.726562
10982.171916	52.726562
10989.604178	52.421875
10996.294831	52.140625
11003.726641	52.140625
11010.417794	52.140625
11017.849155	52.140625
11024.540807	52.140625
11031.971719	52.101562
11038.663868	51.976562
11046.094332	51.976562
11052.786979	51.976562
11060.216996	51.976562
11066.910138	51.976562
11074.339709	52.132812
11081.773324	52.132812
11088.462472	53.320312
11095.895638	53.320312
11102.585285	53.320312
11110.018002	53.039062
11116.708146	53.039062
11124.140416	53.039062
11130.831056	52.882812
11138.262881	52.882812
11144.954015	52.882812
11152.385395	53.296875
11159.077023	53.296875
11166.507959	53.296875
11173.200079	53.453125
11180.630573	53.453125
11187.323183	53.453125
11194.753235	53.257812
11201.446335	53.257812
11208.875947	53.257812
11216.309554	53.257812
11222.998708	53.203125
11230.431871	52.976562
11237.121518	52.976562
11244.554237	52.976562
11251.244376	52.976562
11258.676654	52.976562
11265.367282	52.500000
11272.799120	52.718750
11279.490237	52.718750
11286.921635	52.718750
11293.613239	52.718750
11301.044200	52.718750
11307.736290	52.476562
11315.166813	52.226562
11321.859388	52.226562
11329.289475	52.226562
11335.982534	52.226562
11343.412185	52.226562
11350.845783	52.117188
11357.534944	52.750000
11364.968104	52.750000
11371.657751	52.750000
11379.090473	52.750000
11385.780606	52.750000
11393.212892	53.460938
11399.903508	52.828125
11407.335359	52.828125
11414.026459	52.828125
11421.457875	52.828125
11428.149456	52.828125
11435.580440	53.546875
11442.272502	53.093750
11449.703053	53.093750
11456.395594	53.093750
11463.825714	53.093750
11470.518733	53.093750
11477.948423	52.390625
11485.382014	52.390625
11492.071180	52.398438
11499.504337	52.398438
11506.193984	52.398438
11513.626709	52.460938
11520.316836	52.460938
11527.749130	52.460938
11534.439735	53.148438
11541.871599	53.148438
11548.562681	53.148438
11555.994116	52.867188
11562.685674	52.867188
11570.116680	52.867188
11576.808714	54.210938
11584.239293	54.210938
11590.931800	54.148438
11598.361953	54.101562
11605.054933	54.093750
11612.484661	54.093750
11619.918244	54.070312
11626.607416	54.078125
11634.040571	53.992188
11640.730218	53.992188
11648.162945	53.992188
11654.853066	53.992188
11662.285368	53.992188
11668.975962	53.929688
11676.407838	53.007812
11683.098904	53.007812
11690.530356	53.007812
11697.221892	52.843750
11704.652921	52.843750
11711.344927	52.843750
11718.775533	52.460938
11725.468008	52.460938
11732.898193	52.460938
11739.591134	52.367188
11747.020899	52.367188
11754.454475	52.820312
11761.143652	52.820312
11768.576804	52.820312
11775.266451	52.820312
11782.699181	52.820312
11789.389297	52.539062
11796.821606	53.273438
11803.512189	53.273438
11810.944077	53.273438
11817.635127	53.273438
11825.066596	53.273438
11831.758111	53.492188
11839.189161	52.867188
11845.881141	52.867188
11853.311774	52.867188
11860.004216	52.867188
11867.434432	52.867188
11874.127336	52.726562
11881.557137	52.687500
11888.990706	52.687500
11895.679888	52.687500
11903.113038	52.687500
11909.802685	52.687500
11917.235418	52.242188
11923.925528	52.851562
11931.357844	52.851562
11938.048417	52.851562
11945.480317	52.851562
11952.171351	52.851562
11959.602836	53.054688
11966.294330	53.031250
11973.725402	52.898438
11980.417355	52.828125
11987.848014	52.828125
11994.540425	52.781250
12001.970672	52.625000
12008.663539	52.515625
12016.093375	52.515625
12023.526937	52.367188
12030.216124	52.320312
12037.649272	52.320312
12044.338919	52.226562
12051.771654	52.140625
12058.461759	52.117188
12065.894082	52.117188
12072.584645	52.070312
12080.016556	52.046875
12086.707575	52.046875
12094.139076	52.046875
12100.830550	52.046875
12108.261642	52.039062
12114.953570	52.054688
12122.384254	52.054688
12129.076634	52.078125
12136.506911	52.078125
12143.199743	52.101562
12150.629613	52.101562
12157.322896	52.140625
12164.752361	52.109375
12172.185506	52.109375
12178.875153	52.125000
12186.307890	52.093750
12192.997991	52.093750
12200.430320	52.093750
12207.120873	52.101562
12214.552796	52.062500
12221.243799	52.054688
12228.675317	52.054688
12235.366770	52.054688
12242.797883	52.031250
12249.489785	52.031250
12256.920494	52.031250
12263.612845	52.031250
12271.043150	52.031250
12277.735948	52.039062
12285.165852	52.039062
12291.859095	52.039062
12299.288597	52.078125
12306.721741	52.078125
12313.411388	52.085938
12320.844127	52.179688
12327.534222	52.179688
12334.966559	52.179688
12341.657101	52.187500
12349.089035	52.304688
12355.780024	52.281250
12363.211557	52.281250
12369.902991	52.234375
12377.334123	52.312500
12384.026001	52.265625
12391.456734	52.265625
12398.149055	52.179688
12405.579390	52.234375
12412.272153	52.203125
12419.702090	52.203125
12426.395294	52.132812
12433.824834	52.242188
12441.257975	52.242188
12447.947622	52.257812
12455.380364	52.398438
12462.070454	52.453125
12469.502797	52.453125
12476.193330	52.492188
12483.625275	52.617188
12490.316249	52.664062
12497.747797	52.664062
12504.439212	52.664062
12511.870364	52.664062
12518.562218	52.625000
12525.992975	52.625000
12532.685267	52.593750
12540.115629	52.484375
12546.808359	52.398438
12554.238328	52.398438
12560.931494	52.367188
12568.361071	52.257812
12575.794210	52.257812
12582.483857	52.187500
12589.916600	52.125000
12596.606686	52.109375
12604.039035	52.109375
12610.729559	52.070312
12618.161514	52.046875
12624.852474	52.046875
12632.284037	52.046875
12638.975433	52.039062
12646.406604	52.039062
12653.098435	52.046875
12660.529215	52.046875
12667.221479	52.070312
12674.651869	52.101562
12681.344566	52.132812
12688.774567	52.132812
12695.467695	52.203125
12702.897307	52.289062
12710.330444	52.289062
12717.020091	52.335938
12724.452837	52.460938
12731.142918	52.554688
12738.575274	52.554688
12745.265788	52.585938
12752.697754	52.648438
12759.388700	52.671875
12766.820278	52.671875
12773.511655	52.648438
12780.942845	52.578125
12787.634652	52.492188
12795.065455	52.492188
12801.757692	52.429688
12809.188109	52.257812
12815.880773	52.109375
12823.310805	52.109375
12830.003897	52.031250
12837.433544	51.843750
12844.866679	51.843750
12851.556326	51.703125
12858.989074	51.546875
12865.679150	51.500000
12873.111512	51.500000
12879.802017	51.414062
12887.233993	51.367188
12893.924926	51.375000
12901.356518	51.375000
12908.047877	51.390625
12915.479085	51.492188
12922.170870	51.531250
12929.601695	51.531250
12936.293905	51.609375
12943.724348	51.757812
12950.416982	51.789062
12957.847043	51.789062
12964.540100	51.859375
12971.969781	51.945312
12979.402914	51.945312
12986.092561	51.960938
12993.525311	51.984375
13000.215383	52.000000
13007.647750	52.000000
13014.338247	52.000000
13021.770233	51.968750
13028.461152	51.976562
13035.892758	51.976562
13042.584100	51.976562
13050.015326	51.898438
13056.707089	51.898438
13064.137936	51.898438
13070.830119	51.890625
13078.260588	51.750000
13084.953191	51.726562
13092.383282	51.726562
13099.076303	51.703125
13106.506018	51.523438
13113.939149	51.523438
13120.628796	51.476562
13128.061548	51.304688
13134.751615	51.281250
13142.183989	51.281250
13148.874477	51.226562
13156.306473	51.117188
13162.997379	51.101562
13170.428998	51.101562
13177.120323	51.078125
13184.551566	51.046875
13191.243308	51.054688
13198.674176	51.054688
13205.366333	51.070312
13212.796827	51.070312
13219.489400	51.101562
13226.919520	51.101562
13233.612508	51.164062
13241.042255	51.148438
13248.475384	51.148438
13255.165031	51.203125
13262.597785	51.156250
13269.287848	51.226562
13276.720228	51.226562
13283.410707	51.273438
13290.842712	51.164062
13297.533606	51.203125
13304.965239	51.203125
13311.656546	51.218750
13319.087807	51.070312
13325.779527	51.054688
13333.210416	51.054688
13339.902548	51.031250
13347.333067	50.875000
13354.025610	50.804688
13361.455759	50.804688
13368.148713	50.757812
13375.578492	50.601562
13382.271855	50.507812
13389.701266	50.507812
13397.134022	50.390625
13403.824081	50.367188
13411.256466	50.367188
13417.946937	50.328125
13425.378952	50.312500
13432.069833	50.343750
13439.501479	50.343750
13446.192770	50.398438
13453.624047	50.437500
13460.315747	50.500000
13467.746656	50.500000
13474.438764	50.617188
13481.869307	50.656250
13488.561821	50.726562
13495.991998	50.726562
13502.684918	50.859375
13510.114729	50.898438
13516.808055	50.960938
13524.237502	50.960938
13531.670259	51.039062
13538.360314	51.140625
13545.792705	51.140625
13552.483167	51.195312
13559.915191	51.257812
13566.606060	51.351562
13574.037719	51.351562
13580.728994	51.421875
13588.160288	51.476562
13594.851967	51.625000
13602.282897	51.625000
13608.974980	51.718750
13616.405546	51.843750
13623.098032	52.039062
13630.528236	52.039062
13637.221125	52.132812
13644.650967	52.289062
13651.344256	52.453125
13658.773737	52.453125
13666.206496	52.515625
13672.896548	52.523438
13680.328943	52.523438
13687.019398	52.539062
13694.451431	52.367188
13701.142288	52.312500
13708.573959	52.312500
13715.265218	52.210938
13722.696528	51.914062
13729.388187	51.859375
13736.819137	51.859375
13743.511196	51.750000
13750.941786	51.492188
13757.634244	51.460938
13765.064475	51.460938
13771.757332	51.390625
13779.187204	51.281250
13785.880458	51.273438
13793.309973	51.273438
13800.742734	51.296875
13807.432781	51.312500
13814.865182	51.312500
13821.555629	51.335938
13828.987671	51.468750
13835.678516	51.523438
13843.110200	51.523438
13849.801443	51.554688
13857.232768	51.648438
13863.924408	51.671875
13871.355377	51.671875
13878.047413	51.664062
13885.478026	51.601562
13892.170457	51.539062
13899.600714	51.539062
13906.293539	51.500000
13913.723441	51.320312
13920.416660	51.250000
13927.846208	51.250000
13935.278971	51.093750
13941.969014	51.078125
13949.401421	51.078125
13956.091860	51.054688
13963.523911	50.992188
13970.214744	51.000000
13977.646440	51.000000
13984.337668	51.007812
13991.769009	51.000000
13998.460630	51.000000
14005.891617	51.000000
14012.583630	51.007812
14020.014265	51.000000
14026.706670	50.992188
14034.136952	50.992188
14040.829748	50.976562
14048.259679	50.953125
14054.952864	50.937500
14062.382444	50.937500
14069.815208	50.851562
14076.505248	50.812500
14083.937660	50.812500
14090.628091	50.796875
14098.060150	50.671875
14104.750973	50.648438
14112.182680	50.648438
14118.873893	50.656250
14126.305249	50.554688
14132.996851	50.593750
14140.427858	50.593750
14147.119848	50.632812
14154.550505	50.617188
14161.242883	50.718750
14168.673191	50.718750
14175.365956	50.773438
14182.795916	50.812500
14189.489068	50.898438
14196.918680	50.898438
14204.351446	50.937500
14211.041482	50.960938
14218.473898	50.960938
14225.164322	51.000000
14232.596390	51.015625
14239.287201	51.015625
14246.718921	51.015625
14253.410118	51.023438
14260.841490	51.054688
14267.533073	51.054688
14274.964098	51.054688
14281.656066	51.054688
14289.086745	51.132812
14295.779097	51.132812
14303.209430	51.132812
14309.902166	51.125000
14317.332154	51.265625
14324.025272	51.273438
14331.454916	51.273438
14338.887683	51.523438
14345.577716	51.593750
14353.010137	51.593750
14359.700554	51.695312
14367.132630	52.320312
14373.823430	52.765625
14381.255161	52.765625
14387.946344	53.148438
14395.377730	53.968750
14402.069296	53.968750
14409.500338	53.968750
14416.192285	55.601562
14423.622985	55.601562
14430.315312	55.601562
14437.745669	56.703125
14444.438376	56.703125
14451.868391	56.703125
14458.561478	54.031250
14465.991152	54.031250
14473.423921	52.976562
14480.113950	52.976562
14487.546376	52.976562
14494.236786	52.976562
14501.668869	52.976562
14508.359659	51.671875
14515.791401	51.679688
14522.482570	51.679688
14529.913971	51.679688
14536.605518	51.679688
14544.036579	51.679688
14550.728504	51.960938
14558.159224	52.109375
14564.851527	52.109375
14572.281908	52.109375
14578.974587	52.109375
14586.404629	52.109375
14593.097683	52.531250
14600.527388	53.023438
14607.960159	52.031250
14614.650184	51.843750
14622.082615	51.843750
14628.773018	51.773438
14636.205109	51.343750
14642.895888	51.296875
14650.327641	51.296875
14657.018796	51.265625
14664.450211	51.117188
14671.141742	51.093750
14678.572819	51.093750
14685.264724	51.085938
14692.695464	51.046875
14699.387742	51.039062
14706.818147	51.039062
14713.510798	51.039062
14720.940867	51.078125
14727.633890	51.085938
14735.063624	51.085938
14741.757019	51.101562
14749.186418	51.382812
14756.618854	51.382812
14763.309250	51.484375
14770.741349	52.398438
14777.432118	52.562500
14784.863882	52.562500
14791.555023	52.851562
14798.986452	51.742188
14805.677965	51.742188
14813.109059	51.742188
14819.800943	51.843750
14827.231704	51.843750
14833.923958	51.843750
14841.354386	54.351562
14848.047010	54.351562
14855.477104	54.351562
14862.170097	56.187500
14869.599860	56.187500
14876.293221	56.187500
14883.722653	59.242188
14891.155093	59.242188
14897.845482	59.242188
14905.277589	61.312500
14911.968348	61.609375
14919.400122	61.609375
14926.091250	61.609375
14933.522692	61.609375
14940.214189	61.609375
14947.645300	61.859375
14954.337164	61.343750
14961.767944	61.343750
14968.460175	61.343750
14975.890625	61.343750
14982.583222	61.343750
14990.013342	61.921875
14996.706305	61.343750
15004.136096	61.343750
15010.829424	61.343750
15018.258887	61.343750
15025.691332	61.789062
15032.381714	61.789062
15039.813829	61.789062
15046.504577	61.789062
15053.936362	61.789062
15060.627477	61.789062
15068.058933	61.476562
15074.750413	61.476562
15082.181540	61.476562
15088.873384	60.171875
15096.304183	60.171875
15102.996391	60.171875
15110.426864	59.156250
15117.119435	59.406250
15124.549580	59.406250
15131.242513	59.406250
15138.672333	59.406250
15145.365628	59.406250
15152.795122	59.250000
15160.227571	59.250000
15166.917947	59.570312
15174.350068	59.570312
15181.040808	59.570312
15188.472603	59.679688
15195.163704	59.679688
15202.595173	59.679688
15209.286637	60.117188
15216.717780	60.117188
15223.409605	60.117188
15230.840423	60.148438
15237.532609	60.148438
15244.963103	60.148438
15251.655648	58.976562
15259.085818	58.976562
15265.778722	58.976562
15273.208569	60.390625
15279.901832	60.390625
15287.331356	60.390625
15294.763810	60.390625
15301.454179	60.390625
15308.886308	61.601562
15315.577038	61.601562
15323.008843	61.601562
15329.699932	61.601562
15337.131414	61.601562
15343.822861	62.289062
15351.254020	66.976562
15357.945826	66.976562
15365.376663	66.976562
15372.068826	66.976562
15379.499342	66.976562
15386.191862	66.070312
15393.622056	64.820312
15400.314932	64.820312
15407.744806	64.820312
15414.438037	64.820312
15421.867591	64.820312
15429.300049	63.546875
15435.990412	63.250000
15443.422548	63.250000
15450.113268	63.250000
15457.545083	63.250000
15464.236160	63.250000
15471.667654	62.546875
15478.359086	62.046875
15485.790261	62.046875
15492.482048	62.046875
15499.912903	62.046875
