0.000000	36.351562
10.000000	36.210938
14.142136	36.210938
22.360680	36.210938
28.284271	36.210938
36.055513	37.421875
42.426407	37.421875
50.000000	37.421875
56.568542	36.406250
64.031242	36.406250
70.710678	36.406250
78.102497	37.429688
84.852814	37.429688
92.195445	37.429688
100.000000	37.429688
106.301458	36.507812
114.017543	34.648438
120.415946	34.648438
128.062485	34.648438
134.536240	34.648438
142.126704	34.648438
148.660687	34.343750
156.204994	35.640625
162.788206	35.640625
170.293864	35.640625
178.044938	35.640625
184.390889	35.640625
192.093727	35.562500
198.494332	29.734375
206.155281	27.890625
212.602916	27.867188
220.227155	27.632812
226.715681	27.609375
234.307490	26.929688
242.074369	25.914062
248.394847	25.859375
256.124969	24.781250
262.488095	23.867188
270.185122	20.164062
276.586334	18.296875
284.253408	15.679688
290.688837	14.640625
298.328678	12.757812
304.795013	11.679688
312.409987	11.039062
320.156212	11.515625
326.496554	11.289062
334.215499	11.343750
340.587727	11.109375
348.281495	11.296875
354.682957	11.570312
362.353419	12.359375
368.781778	13.000000
376.430604	13.132812
382.883794	13.367188
390.512484	13.210938
398.246155	14.359375
404.598566	14.906250
412.310563	14.828125
418.688428	14.375000
426.380112	13.257812
432.781700	13.281250
440.454311	12.984375
446.878059	13.828125
454.532727	14.234375
460.977223	14.914062
468.614981	15.453125
476.340215	15.054688
482.700735	15.210938
490.407993	14.945312
496.789694	15.585938
504.479930	16.671875
510.881591	17.640625
518.555686	17.695312
524.976190	18.062500
532.634959	18.257812
540.370243	17.820312
546.717477	18.070312
554.436651	18.359375
560.802996	18.609375
568.506816	18.523438
574.891294	18.164062
582.580467	18.117188
588.982173	17.882812
596.657356	17.835938
603.075451	17.601562
610.737259	17.671875
618.465844	17.593750
624.819974	17.406250
632.534584	17.460938
638.905314	17.562500
646.606526	17.820312
652.993109	17.937500
660.681466	17.929688
667.083203	17.929688
674.759216	17.296875
681.175455	16.757812
688.839604	15.875000
696.562991	15.562500
702.922471	15.000000
710.633520	15.773438
717.007671	15.937500
724.706837	17.140625
731.095069	17.593750
738.782783	18.382812
745.184541	18.562500
752.861209	18.828125
759.275971	18.882812
766.941980	18.929688
774.661216	19.007812
781.024968	18.921875
788.733161	18.937500
795.110055	18.828125
802.807573	18.867188
809.197133	18.867188
816.884325	18.984375
823.286099	18.953125
830.963296	18.960938
838.689454	19.015625
845.044378	19.046875
852.760224	19.070312
859.127464	19.125000
866.833317	19.132812
873.212460	19.281250
880.908622	19.281250
887.299273	19.375000
894.986033	19.453125
901.387819	19.476562
909.065454	19.531250
916.787871	19.492188
923.146792	19.562500
930.859818	19.492188
937.229961	19.484375
944.933860	19.500000
951.314880	19.476562
959.009906	19.492188
965.401471	19.375000
973.087869	19.218750
979.489663	19.210938
987.167666	19.375000
994.886928	19.601562
1001.249220	19.632812
1008.959860	19.742188
1015.332458	19.851562
1023.034701	20.031250
1029.417311	20.148438
1037.111373	20.445312
1043.503713	20.664062
1051.189802	21.039062
1058.914539	21.453125
1065.269919	21.734375
1072.986486	22.148438
1079.351657	22.421875
1087.060256	22.742188
1093.434955	22.882812
1101.135777	22.968750
1107.519752	23.078125
1115.212984	23.187500
1121.605991	23.320312
1129.291813	23.406250
1137.013632	23.648438
1143.372205	23.914062
1151.086443	24.453125
1157.454103	25.132812
1165.160933	26.546875
1171.537451	27.359375
1179.237041	28.546875
1185.622200	28.859375
1193.314711	28.812500
1199.708298	28.882812
1207.393888	28.492188
1215.113163	28.367188
1221.474519	28.406250
1229.186723	28.367188
1235.556555	28.406250
1243.261839	28.375000
1249.639948	28.414062
1257.338459	28.382812
1263.724654	28.429688
1271.416533	32.351562
1277.810628	31.726562
1285.496013	29.000000
1293.213053	29.000000
1299.576854	29.000000
1307.287268	29.000000
1313.659012	29.000000
1321.362933	29.507812
1327.742445	29.718750
1335.440002	31.015625
1341.827113	32.156250
1349.518433	33.062500
1357.239846	33.179688
1363.598181	33.281250
1371.313239	33.281250
1377.679208	33.281250
1385.388032	34.789062
1391.761474	35.234375
1399.464183	35.796875
1405.844942	36.101562
1412.267680	36.101562
1419.929576	36.101562
1426.359001	36.101562
1434.015342	41.242188
1440.451318	43.968750
1448.102206	43.968750
1454.544602	43.968750
1462.190138	43.968750
1468.638826	43.968750
1476.279106	43.968750
1482.733961	43.976562
1490.369082	43.976562
1496.829984	43.976562
1504.460036	43.976562
1510.926868	43.976562
1518.551942	35.953125
1525.024590	37.437500
1532.644773	37.437500
1539.123127	37.437500
1546.738504	37.437500
1553.222457	37.437500
1559.743569	35.203125
1567.322558	32.867188
1573.848786	32.867188
1581.423409	32.867188
1587.954659	32.867188
1595.524992	32.867188
1602.061172	33.390625
1609.627286	34.070312
1616.168308	34.070312
1623.730273	34.070312
1630.276050	34.070312
1637.833935	34.070312
1644.384383	34.468750
1651.938256	36.570312
1658.493292	36.570312
1666.043217	36.570312
1672.602762	36.570312
1680.148803	36.570312
1686.712779	37.500000
1694.254999	39.843750
1700.823330	39.843750
1708.361788	39.843750
1714.934401	39.843750
1721.540008	40.179688
1729.045980	40.179688
1735.655496	40.179688
1743.158054	41.632812
1749.771414	41.632812
1757.270611	41.632812
1763.887752	41.140625
1771.383640	41.140625
1778.004499	41.140625
1785.497130	42.781250
1792.121648	42.781250
1799.611069	42.781250
1806.239187	44.289062
1813.725448	44.289062
1820.357108	44.289062
1827.840256	46.257812
1834.475402	46.257812
1841.955483	46.257812
1848.594060	46.460938
1856.071119	46.460938
1862.713075	46.460938
1869.384926	46.460938
1876.832438	47.382812
1883.507367	48.390625
1890.952141	48.390625
