0.000000	62.242188
10.000000	62.242188
14.142136	61.921875
22.360680	61.921875
31.622777	59.507812
41.231056	59.507812
44.721360	59.507812
53.851648	59.507812
63.245553	54.867188
67.082039	54.867188
76.157731	54.867188
85.440037	54.867188
94.868330	51.289062
98.488578	50.437500
107.703296	50.437500
117.046999	50.437500
126.491106	50.828125
130.000000	50.828125
139.283883	50.828125
148.660687	50.828125
158.113883	49.460938
161.554944	49.460938
170.880075	49.460938
180.277564	49.460938
183.847763	46.890625
193.132079	38.640625
202.484567	38.671875
211.896201	38.617188
215.406592	38.609375
224.722051	38.609375
234.093998	38.609375
243.515913	38.609375
246.981781	38.609375
256.320112	38.601562
265.706605	38.593750
269.258240	38.484375
278.567766	37.531250
287.923601	36.968750
297.321375	36.828125
300.832179	36.890625
310.161248	36.492188
319.530906	36.328125
328.937684	36.476562
332.415403	36.593750
341.760150	37.343750
351.140997	37.828125
354.682957	37.562500
364.005494	37.789062
373.363094	37.914062
382.753184	38.523438
386.264158	38.429688
395.600809	38.781250
404.969135	39.171875
414.366987	39.554688
417.851648	39.492188
427.200187	39.359375
436.577599	39.257812
445.982062	39.125000
449.444101	39.078125
458.802790	39.093750
468.187996	39.062500
471.699057	38.960938
481.040539	38.937500
490.407993	39.007812
499.799960	39.062500
503.289181	39.125000
512.640225	39.132812
522.015325	39.031250
531.413210	38.851562
534.883165	38.882812
544.242593	38.898438
553.624421	38.867188
557.135531	38.898438
566.480362	39.093750
575.847202	39.640625
585.234996	39.984375
588.727441	40.015625
598.080262	39.968750
607.453702	39.656250
616.846821	39.703125
620.322497	39.687500
629.682460	39.445312
639.061812	39.125000
642.572953	39.046875
651.920241	38.828125
661.286625	38.796875
670.671305	38.859375
674.166152	38.875000
683.520300	38.710938
692.892488	38.375000
702.281995	38.195312
705.762000	38.140625
715.122367	37.984375
724.499827	37.781250
733.893725	37.734375
737.360156	37.859375
746.726188	38.218750
756.108458	38.242188
759.605161	38.187500
768.960337	38.031250
778.331549	37.968750
787.718224	38.070312
791.201618	38.148438
800.562302	38.531250
809.938269	39.156250
819.328994	39.617188
822.800097	39.640625
832.165849	39.742188
841.546196	39.726562
845.044378	39.632812
854.400375	39.578125
863.770803	39.515625
873.155198	39.523438
876.641318	39.625000
886.002257	39.914062
895.377016	40.289062
904.765163	40.460938
908.240056	40.531250
917.605580	40.710938
926.984358	40.867188
930.483745	40.898438
939.840412	40.960938
949.210198	40.984375
958.592719	41.031250
962.081078	41.093750
971.442227	41.218750
974.987179	41.304688
984.327181	41.421875
987.927123	41.492188
997.246208	41.593750
1006.578363	41.656250
1010.198000	41.648438
1019.509686	41.562500
1023.181313	41.515625
1032.472760	40.976562
1041.777327	39.656250
1045.466403	39.859375
1054.751155	39.757812
1058.489490	40.101562
1067.754653	42.257812
1071.540946	42.515625
1080.786750	42.468750
1090.045871	42.421875
1093.846424	42.679688
1103.086579	42.640625
1106.932699	42.890625
1116.154111	42.843750
1120.044642	43.101562
1129.247537	43.062500
1138.463877	43.015625
1142.365966	43.273438
1151.564154	43.226562
1155.508546	43.484375
1164.688800	43.437500
1173.882447	43.390625
1177.837001	43.648438
1187.013058	43.609375
1191.007976	43.812500
1200.166655	43.765625
1204.200980	43.937500
1213.342491	43.882812
1222.497444	43.835938
1226.539849	44.000000
1235.677952	43.953125
1239.758041	43.796875
1248.879498	43.109375
1258.014308	42.523438
1262.101422	42.398438
1271.219887	42.460938
1275.343091	42.648438
1284.445406	42.710938
1288.603896	42.828125
1297.690256	42.750000
1306.789960	42.703125
1310.953851	42.734375
1320.037878	42.617188
1324.235629	42.429688
1333.304166	42.390625
1337.535046	42.242188
1346.588282	42.210938
1350.851583	42.195312
1359.889701	42.109375
1364.184738	41.945312
1373.207923	41.781250
1377.534029	41.664062
1386.542462	41.539062
1390.898990	41.468750
1399.892853	41.359375
1404.279175	41.265625
1413.258646	41.195312
1417.674152	41.109375
1426.639408	41.039062
1431.083506	40.960938
1440.034722	40.882812
1444.506836	40.820312
1453.444185	40.929688
1457.943757	41.007812
1466.867411	41.195312
1471.393897	41.250000
1480.304023	41.398438
1484.856895	41.343750
1493.753661	41.335938
1498.332406	41.250000
1507.215977	41.210938
1516.113452	41.203125
1520.690633	41.132812
1529.575104	41.078125
1534.177304	41.000000
1543.048930	40.976562
1547.675677	40.968750
1556.534613	41.031250
1561.185447	40.968750
1570.031847	40.828125
1574.706322	40.757812
1583.540337	40.617188
1588.238017	40.546875
1597.059799	40.335938
1601.780260	40.156250
1610.589954	39.882812
1615.332783	39.820312
1624.130537	40.039062
1628.895331	40.039062
1637.681288	40.000000
1642.467656	39.851562
1651.241957	39.796875
1656.049516	39.765625
1664.812302	39.765625
1669.640680	39.687500
1678.392088	39.695312
1683.240922	39.640625
1691.981087	39.656250
1696.850023	39.562500
1705.579081	39.500000
1710.467772	39.390625
1719.185854	39.359375
1724.093965	39.250000
1732.801200	39.148438
1737.728402	39.031250
1746.424920	39.000000
1755.135322	38.984375
1760.056817	38.812500
1768.756625	38.617188
1773.696705	38.343750
1782.386041	37.937500
1787.344399	37.398438
1796.023385	36.843750
1800.999722	36.187500
1809.668478	35.343750
1814.662503	34.812500
1823.321146	34.195312
1828.332574	33.750000
1836.981219	33.031250
1842.009772	32.484375
1850.648535	31.601562
1855.693940	31.226562
1864.322933	30.890625
1869.384926	30.757812
1878.004260	30.656250
1883.082579	30.523438
1891.692364	30.406250
1896.786757	30.265625
1905.387100	30.148438
1910.497317	30.007812
1919.088325	29.898438
1924.214125	29.750000
1932.795902	29.625000
1937.937047	29.476562
1946.509697	29.312500
1951.665955	29.156250
1960.229578	29.078125
1965.400722	29.046875
1973.955420	29.281250
1979.141228	29.265625
1987.687098	29.531250
1996.246478	29.781250
2001.424493	29.726562
2009.975124	29.968750
2015.167487	29.492188
2023.709465	29.101562
2028.915967	28.539062
2037.449386	28.015625
2042.669822	27.617188
2051.194774	27.007812
2056.428944	26.773438
2064.945520	26.500000
2070.193228	26.734375
2078.701518	26.703125
2083.962572	26.937500
2092.462664	26.875000
2097.736876	27.117188
2106.228857	27.023438
2111.516043	27.257812
2120.000000	27.234375
2125.299979	27.390625
2133.775996	27.250000
2139.088591	27.437500
2147.556751	27.125000
2152.881790	27.164062
2161.342176	27.101562
2166.679487	27.218750
2175.132180	27.132812
2180.481598	27.164062
2188.926678	27.039062
2194.288039	27.101562
2202.725584	26.828125
2208.098730	27.039062
2216.528818	27.367188
2221.913590	27.882812
2230.336298	28.429688
2235.732542	28.851562
2244.147945	29.210938
2252.576303	30.148438
2257.963684	31.500000
2266.384786	33.796875
2271.783440	35.593750
2280.197360	38.906250
2285.607140	40.625000
2294.013949	40.687500
2299.434713	40.671875
2307.834483	40.726562
2313.266089	40.703125
2321.658890	40.757812
2327.101201	40.742188
2335.487101	40.789062
2340.939982	40.773438
2349.319050	40.828125
2354.782368	40.804688
2363.154671	49.023438
2368.628295	49.023438
2376.993900	49.023438
2382.477702	49.023438
2390.836674	50.406250
2396.330528	53.562500
2404.682931	53.562500
2410.186715	53.562500
2418.532613	53.562500
2424.046204	55.273438
2432.385660	53.570312
2437.908940	53.570312
2446.242016	53.570312
2451.774867	53.570312
2460.101624	53.570312
2465.643932	53.101562
2473.964430	48.140625
2479.516082	48.140625
2487.830380	48.140625
2496.157046	48.140625
2501.699422	48.140625
2510.019920	47.359375
2515.571506	49.039062
2523.885893	49.039062
2529.446580	49.039062
