0.000000	45.031250
10.000000	44.343750
10.000000	44.242188
14.142136	44.242188
22.360680	44.242188
28.284271	44.242188
36.055513	45.710938
42.426407	45.710938
50.000000	45.710938
58.309519	45.710938
64.031242	44.617188
72.111026	47.312500
80.622577	47.312500
86.023253	47.312500
94.339811	47.312500
102.956301	46.507812
108.166538	46.507812
116.619038	46.507812
122.065556	44.750000
130.384048	44.750000
138.924440	45.601562
144.222051	45.601562
152.643375	45.601562
161.245155	45.601562
166.433170	45.601562
174.928557	46.531250
183.575598	46.531250
188.679623	44.546875
197.230829	44.546875
202.484567	44.546875
210.950231	45.648438
219.544984	45.648438
224.722051	45.648438
233.238076	45.648438
241.867732	46.601562
246.981781	44.843750
255.538647	44.843750
264.196896	44.843750
269.258240	44.843750
277.848880	46.328125
286.530976	46.328125
291.547595	46.328125
300.166620	46.328125
305.286750	43.601562
313.847097	46.007812
322.490310	46.007812
327.566787	46.007812
336.154726	46.007812
344.818793	46.359375
349.857114	46.359375
358.468967	46.359375
367.151195	46.359375
372.155881	45.281250
380.788655	46.867188
385.875628	46.867188
394.461658	46.867188
403.112887	46.867188
408.166633	46.867188
416.773320	47.257812
425.440948	47.257812
430.464865	47.257812
439.089968	47.257812
447.772264	48.039062
452.769257	48.039062
461.410880	48.039062
466.476152	48.039062
475.078941	48.039062
483.735465	45.601562
488.773976	44.976562
497.393205	44.976562
506.063237	44.976562
511.077294	44.976562
519.711458	44.710938
528.393793	44.710938
533.385414	44.710938
542.033209	44.710938
550.726793	45.031250
555.697760	45.250000
564.358042	45.250000
569.385634	45.250000
578.013841	45.117188
586.685606	45.117188
591.692488	45.296875
600.333241	45.296875
609.015599	44.617188
614.003257	44.617188
622.655603	44.617188
631.347765	44.617188
636.317531	44.617188
644.980620	44.109375
650.000000	44.390625
658.634952	44.390625
667.308025	44.390625
672.309453	44.390625
680.955211	44.367188
689.637586	44.367188
694.622199	44.367188
703.278039	44.367188
711.969100	44.367188
716.937933	45.203125
725.603197	45.203125
730.616178	45.203125
739.256383	45.203125
747.930478	44.421875
752.927619	44.421875
761.577311	44.421875
770.259696	44.421875
775.241898	44.507812
783.900504	45.476562
792.590689	45.476562
797.558775	45.476562
806.225775	45.476562
814.923309	46.882812
819.878040	46.882812
828.552955	46.882812
833.546639	45.859375
842.199501	45.859375
850.881895	46.421875
855.862138	46.421875
864.522990	46.421875
873.212460	46.421875
878.179936	46.421875
886.848352	46.328125
895.544527	46.328125
900.499861	45.523438
909.175451	45.523438
914.166287	45.523438
922.821760	46.070312
931.504160	46.070312
936.482781	46.070312
945.145491	46.070312
953.834367	45.726562
958.801335	44.562500
967.470930	44.562500
976.165969	44.562500
981.121807	44.562500
989.797959	44.562500
994.786409	44.562500
1003.444069	44.562500
1012.126474	44.562500
1017.103731	46.648438
1025.768005	45.648438
1034.456379	45.648438
1039.422917	45.648438
1048.093507	45.648438
1056.787585	44.312500
1061.743849	44.312500
1070.420478	44.312500
1079.120012	44.312500
1084.066419	45.781250
1092.748827	44.328125
1097.724920	44.328125
1106.390528	44.328125
1115.078473	44.328125
1120.044642	44.328125
1128.716085	42.976562
1137.409337	42.976562
1142.365966	44.406250
1151.043005	44.406250
1159.741350	43.320312
1164.688800	43.320312
1173.371212	43.320312
1178.346299	43.320312
1187.013058	43.320312
1195.700631	43.273438
1200.666482	46.929688
1209.338662	46.929688
1218.031198	46.929688
1222.988144	46.929688
1231.665539	46.390625
1240.362850	46.390625
1245.311206	46.390625
1253.993620	46.390625
1258.967831	47.359375
1267.635594	46.296875
1276.322843	46.296875
1281.288414	46.296875
1289.961240	46.296875
1298.653148	46.437500
1303.610371	46.437500
1312.288078	46.437500
1320.984481	46.437500
1325.933633	48.320312
1334.616050	48.609375
1339.589489	48.609375
1348.258136	48.609375
1356.945098	48.609375
1361.910423	48.609375
1370.583817	44.960938
1379.275172	44.960938
1384.232639	44.070312
1392.910622	44.070312
1401.606221	43.531250
1406.556078	43.531250
1415.238496	43.531250
1423.938201	43.531250
1428.880681	43.531250
1437.567390	43.750000
1442.532495	43.148438
1451.206395	43.148438
1459.897257	43.148438
1464.854942	43.148438
1473.533169	46.367188
1482.228053	46.367188
1487.178537	46.367188
1495.860956	46.367188
1504.559736	44.179688
1509.503230	42.960938
1518.189711	42.960938
1523.154621	42.960938
1531.828972	42.960938
1540.519393	42.898438
1545.477273	42.898438
1554.155719	42.898438
1562.849961	42.898438
1567.801008	42.468750
1576.483428	40.718750
1585.181378	37.648438
1590.125781	37.742188
1598.812059	37.812500
1603.776792	37.906250
1612.451550	37.984375
1621.141573	38.054688
1626.099628	38.156250
1634.778272	38.226562
1643.471935	38.304688
1648.423489	38.390625
1657.105911	38.406250
1665.803110	38.406250
1670.748335	38.453125
1679.434429	38.453125
1688.135066	38.453125
1693.074127	38.500000
1701.763791	38.500000
1706.722004	38.546875
1715.400828	38.546875
1724.093965	38.523438
1729.045980	38.539062
1737.728402	38.484375
1746.424920	38.421875
1751.370892	38.437500
1760.056817	38.382812
1768.756625	38.437500
1773.696705	38.531250
1782.386041	38.718750
1787.344399	38.812500
1796.023385	39.000000
1804.716044	39.171875
1809.668478	39.281250
1818.350901	39.453125
1827.046797	39.640625
1831.993450	39.734375
1840.679222	39.906250
1849.378274	39.296875
1854.319282	38.007812
1863.008320	36.000000
1871.710448	36.039062
1876.645944	36.085938
1885.338166	36.125000
1894.043294	36.171875
1898.973407	36.218750
1907.668734	36.257812
1916.376790	36.296875
1921.301642	36.351562
1930.000000	36.406250
1938.710912	36.523438
1943.630623	36.648438
1952.331939	36.781250
1961.045639	36.921875
1965.960325	37.046875
1974.664528	37.179688
1983.380952	37.320312
1988.290723	37.445312
1996.997747	37.578125
2005.716829	37.718750
2010.621794	37.843750
2019.331573	37.976562
2028.053254	38.117188
2032.953516	38.242188
2041.665986	38.375000
2050.390207	38.515625
2055.285868	38.640625
2064.000969	38.773438
2072.727671	38.789062
2077.618829	38.757812
2086.336502	38.593750
2095.065631	38.437500
2099.952380	38.390625
2108.672568	38.226562
2117.404071	38.062500
2122.286503	38.023438
2131.009151	37.859375
2139.742975	37.695312
2144.621179	37.648438
2153.346233	37.484375
2162.082330	37.328125
2166.956391	37.281250
2175.683801	37.117188
2184.422120	36.953125
2189.292123	36.914062
2198.021838	36.765625
2206.762334	36.671875
2211.628359	36.679688
2220.360331	36.656250
2229.102959	36.664062
2233.965085	36.632812
2242.699267	36.445312
2251.443981	36.296875
2256.302285	36.234375
2265.038631	36.195312
2273.785390	36.179688
2278.639945	36.210938
2287.378412	36.250000
2296.127174	36.117188
2300.978053	35.726562
2309.718598	35.210938
2318.469323	34.929688
2323.316595	34.929688
2332.059176	35.070312
2340.811825	35.046875
2345.655559	34.875000
2354.400136	34.820312
2363.154671	34.695312
2367.994932	34.843750
2376.741467	34.921875
2385.497852	34.789062
2390.334705	34.585938
2399.083158	34.578125
2407.841357	34.585938
2412.674864	34.492188
2421.425200	34.468750
2430.185178	34.453125
2435.015400	34.382812
2443.767583	34.421875
2452.529307	34.578125
2457.356303	34.585938
2466.110298	34.562500
2474.873734	34.593750
2479.697562	34.648438
2488.453335	34.765625
2497.218453	34.976562
2502.039168	34.929688
2510.796686	34.820312
2519.563454	34.875000
2524.381112	34.953125
2533.140344	34.921875
2541.908732	34.921875
2546.723385	35.007812
2555.484299	34.976562
2564.254278	34.906250
2569.065978	34.898438
2577.828544	34.804688
2586.600085	34.789062
2591.408883	34.976562
2600.173071	34.968750
2608.946147	34.960938
2613.752092	34.984375
2622.517874	34.781250
2631.292458	34.492188
2636.095598	34.343750
2644.862945	33.945312
2653.639011	33.531250
2658.439392	33.382812
2667.208278	33.070312
2675.985800	32.703125
2680.783468	32.585938
2689.553866	32.226562
2698.332819	31.796875
2703.127818	31.859375
2711.899703	31.687500
2720.680062	31.460938
2725.472436	31.656250
2734.245783	31.609375
2743.027524	31.492188
2747.817316	31.585938
2756.592099	31.328125
2761.394575	31.218750
2770.162450	30.960938
2778.938646	30.656250
2783.738493	30.523438
2792.507833	30.179688
2801.285419	29.835938
2806.082679	29.710938
2814.853460	29.367188
2823.632412	29.023438
2828.427125	28.890625
2837.199323	28.531250
2845.979620	28.218750
2850.771825	28.062500
2859.545418	27.726562
2868.327039	27.390625
2873.116775	27.210938
2881.891740	26.906250
2890.674662	26.585938
2895.461967	26.429688
2904.238282	26.195312
2913.022485	26.304688
2917.807396	26.226562
2926.585041	25.789062
2935.370505	25.375000
2940.153057	25.304688
2948.932010	25.445312
2957.718715	25.695312
2962.498945	25.523438
2971.279186	25.632812
2980.067113	25.320312
2984.845055	25.390625
2993.626563	25.242188
3002.415694	25.195312
3007.191381	25.109375
3015.974138	24.937500
3024.764454	24.796875
3029.537919	24.664062
3038.321905	24.562500
3047.113388	24.578125
3051.884664	24.585938
3060.669861	24.640625
3069.462494	24.593750
3074.231611	24.414062
3083.018002	24.914062
3091.811767	25.382812
3096.578757	25.460938
3105.366323	25.390625
3114.161203	25.367188
3118.926097	25.187500
3127.714821	25.531250
3136.510800	25.781250
3141.273627	25.539062
3150.063491	25.023438
3158.860554	24.429688
3163.621343	23.906250
3172.412331	23.789062
3181.210461	24.054688
3185.969240	24.078125
3194.761337	24.500000
3203.560519	25.203125
3208.317316	25.265625
3217.110505	25.445312
3225.910724	25.882812
3230.665566	25.835938
3239.459832	25.906250
3248.261073	26.109375
3253.013987	26.343750
3261.809314	26.625000
3270.611564	26.867188
3275.362575	26.976562
3284.158949	27.148438
3292.962192	27.031250
3297.711328	26.296875
3306.508733	25.968750
3315.312957	26.093750
3320.060240	26.828125
3328.858663	27.343750
3337.663854	26.976562
3342.409311	26.570312
3351.208737	26.757812
3360.014881	28.765625
3364.758535	30.882812
3373.558952	34.523438
3382.366036	35.648438
3387.107911	35.656250
3395.909304	35.664062
3404.717316	35.679688
3409.457435	35.687500
3418.259791	35.695312
3427.068718	35.710938
3431.807104	35.718750
3440.610411	35.726562
3449.420241	35.734375
3454.156916	35.750000
3462.961161	35.750000
3471.771882	34.984375
3476.506868	34.468750
3485.312038	34.218750
3494.123638	34.226562
3498.856956	34.218750
3507.663040	34.226562
3516.475508	34.234375
3521.207179	34.218750
3530.014164	34.226562
3538.827489	34.242188
3543.557534	34.226562
3552.365409	34.234375
3561.179580	34.242188
3565.908019	34.234375
3574.716772	34.242188
3583.531777	44.023438
3588.258631	48.921875
3597.068251	54.250000
3605.884080	54.250000
3610.609367	54.250000
3619.419843	54.656250
3628.236486	54.656250
3632.960225	54.656250
3641.771547	54.656250
