0.000000	48.640625
10.000000	48.640625
14.142136	48.429688
22.360680	48.429688
31.622777	51.890625
41.231056	51.890625
50.990195	51.890625
53.851648	51.890625
63.245553	54.031250
72.801099	54.031250
82.462113	54.031250
92.195445	52.617188
94.868330	52.617188
104.403065	52.617188
114.017543	52.617188
123.693169	50.000000
133.416641	50.000000
136.014705	49.593750
145.602198	49.593750
155.241747	48.531250
164.924225	48.531250
167.630546	48.531250
177.200451	49.531250
186.815417	49.531250
196.468827	49.531250
206.155281	52.976562
208.806130	52.976562
218.403297	52.976562
228.035085	52.976562
237.697286	54.906250
247.386338	54.906250
250.000000	53.242188
259.615100	53.242188
269.258240	55.109375
278.926514	55.109375
288.617394	55.109375
291.204396	55.109375
300.832179	57.140625
310.483494	57.140625
320.156212	57.140625
329.848450	56.320312
332.415403	56.320312
342.052628	56.320312
351.710108	56.320312
361.386220	54.507812
371.079506	54.507812
373.630834	55.406250
383.275358	55.406250
392.937654	53.898438
402.616443	53.898438
412.310563	53.898438
414.849370	53.898438
424.499706	51.937500
434.165867	51.937500
443.846820	51.937500
446.430286	51.937500
456.070170	50.632812
465.725241	50.632812
475.394573	50.632812
485.077313	48.960938
487.647414	48.960938
497.292670	48.960938
506.951674	48.960938
516.623654	47.570312
526.307895	47.570312
528.866713	47.570312
538.516481	47.570312
548.178803	48.656250
557.853027	46.585938
567.538545	46.585938
570.087713	46.640625
579.741322	44.687500
589.406481	44.687500
599.082632	43.976562
608.769250	45.179688
611.310069	45.500000
620.966988	43.007812
630.634601	41.460938
640.312424	41.359375
650.000000	41.390625
652.533524	41.531250
662.193325	40.218750
671.863081	39.320312
681.542368	39.406250
691.230786	39.492188
693.757883	39.421875
703.420216	40.046875
713.091859	41.164062
722.772440	42.156250
725.327512	41.828125
734.982993	42.093750
744.647568	42.179688
754.320887	41.687500
764.002618	38.843750
766.550716	38.734375
776.208735	38.703125
785.875308	38.679688
795.550124	38.648438
805.232886	38.617188
807.774721	38.515625
817.435013	38.484375
827.103379	38.453125
836.779541	38.429688
846.463230	38.398438
848.999411	38.296875
858.661749	38.265625
868.331734	38.000000
878.009112	37.515625
887.693641	37.359375
890.224691	37.257812
899.888882	37.171875
909.560333	37.078125
919.238816	37.007812
928.924109	37.046875
931.450482	37.281250
941.116358	37.554688
950.789146	37.882812
960.468636	38.304688
970.154627	38.773438
972.676719	38.953125
982.344135	39.007812
992.018145	39.023438
1001.698557	39.054688
1004.241007	39.023438
1013.903348	38.960938
1023.572176	38.640625
1033.247308	38.687500
1042.928569	39.007812
1045.466403	39.203125
1055.130324	39.453125
1064.800451	39.625000
1074.476617	39.921875
1084.158660	40.015625
1086.692229	40.132812
1096.357606	40.210938
1106.028933	40.164062
1115.706054	40.023438
1125.388822	40.125000
1127.918437	40.234375
1137.585162	40.367188
1147.257600	40.296875
1156.935608	40.335938
1166.619047	40.242188
1169.144987	40.281250
1178.812962	40.328125
1188.486432	40.523438
1198.165264	40.562500
1207.849328	40.671875
1210.371844	40.742188
1220.040983	40.851562
1229.715414	40.898438
1239.395014	41.031250
1249.079661	41.250000
1251.598977	41.242188
1261.269202	41.031250
1270.944531	40.851562
1280.624847	40.757812
1283.160161	40.843750
1292.826361	40.953125
1302.497601	40.906250
1312.173769	40.843750
1321.854758	40.820312
1324.386650	40.890625
1334.053972	40.906250
1343.726163	40.906250
1353.403118	40.921875
1363.084737	40.812500
1365.613415	40.914062
1375.281789	40.984375
1384.954873	41.000000
1394.632568	40.937500
1397.175723	40.890625
1406.840432	40.789062
1416.509795	40.695312
1419.084212	40.703125
1428.740704	40.625000
1431.362987	40.609375
1441.006593	40.468750
1450.655024	40.406250
1453.306575	40.453125
1462.942241	40.304688
1472.582765	40.203125
1475.262688	40.140625
1484.890568	40.093750
1494.523335	40.140625
1497.230777	40.195312
1506.851021	40.054688
1516.476179	40.000000
1519.210321	40.015625
1528.823077	39.875000
1531.600470	39.890625
1541.200831	39.906250
1550.806242	39.976562
1553.608702	39.937500
1563.201842	39.937500
1572.800051	39.890625
1575.626859	39.781250
1585.212919	39.812500
1594.804063	39.820312
1597.654531	39.773438
1607.233648	39.906250
1616.817862	39.984375
1619.691329	39.828125
1629.263637	39.835938
1632.176461	39.773438
1641.736885	39.820312
1651.302516	39.796875
1654.236984	39.671875
1663.790852	39.703125
1673.349934	39.734375
1676.305461	39.609375
1685.852900	39.609375
1695.405556	39.921875
1698.381583	40.218750
1707.922715	40.546875
1710.935417	40.625000
1720.465053	40.656250
1730.000000	40.640625
1733.032025	40.578125
1742.555595	40.539062
1752.084473	40.492188
1755.135322	40.492188
1764.652940	40.656250
1774.175865	40.718750
1777.245059	40.625000
1786.756839	40.531250
1796.273921	40.460938
1799.360998	40.367188
1808.867049	40.398438
1811.987859	40.375000
1821.482912	40.281250
1830.983342	40.117188
1834.121043	40.031250
1843.610588	39.679688
1853.105502	39.406250
1856.259680	39.304688
1865.743819	39.140625
1875.233319	39.000000
1878.403578	39.031250
1887.882412	39.015625
1897.366596	38.890625
1900.552551	38.953125
1910.026178	38.843750
1913.243320	38.640625
1922.706426	38.421875
1932.174940	38.101562
1935.406934	37.773438
1944.865034	37.625000
1954.328529	37.515625
1957.575030	37.523438
1967.028215	37.484375
1976.486782	37.250000
1979.747459	37.296875
1989.195817	36.906250
1998.649544	36.531250
2001.924074	36.632812
2011.367694	36.554688
2014.671189	36.656250
2024.104740	36.578125
2033.543705	36.437500
2036.860329	36.421875
2046.289325	36.023438
2055.723717	35.726562
2059.053180	35.578125
2068.477701	35.406250
2077.907601	35.328125
2081.249625	35.390625
2090.669749	35.304688
2094.039159	35.375000
2103.449548	35.289062
2112.865353	35.203125
2116.246677	35.265625
2125.652841	35.187500
2135.064402	35.179688
2138.457388	35.210938
2147.859399	35.203125
2157.266789	35.171875
2160.671192	35.226562
2170.069123	35.125000
2179.472413	35.007812
2182.887995	35.109375
2192.281916	34.812500
2195.723116	34.789062
2205.107707	34.343750
2214.497686	33.984375
2217.949503	33.875000
2227.330240	33.484375
2236.716343	33.046875
2240.178564	32.648438
2249.555512	31.984375
2258.937803	31.351562
2262.410219	30.851562
2271.783440	30.218750
2281.161985	29.578125
2284.644392	29.078125
2294.013949	28.437500
2297.520403	27.937500
2306.881011	27.296875
2316.246964	26.578125
2319.762919	25.992188
2329.120005	25.679688
2338.482414	25.023438
2342.007686	24.617188
2351.361308	24.148438
2360.720229	23.945312
2364.254639	23.703125
2373.604853	23.687500
2382.960344	23.867188
2386.503719	23.765625
2395.850580	23.976562
2399.416596	23.804688
2408.754865	24.093750
2418.098426	24.531250
2421.672975	24.656250
2431.008021	25.406250
2440.348336	26.367188
2443.931259	26.671875
2453.263133	27.914062
2462.600252	28.218750
2466.191396	28.257812
2475.520147	28.250000
2479.132913	28.296875
2488.453335	28.320312
2497.779013	31.640625
2501.399608	34.343750
2510.717029	34.390625
2520.039682	34.437500
2523.667965	34.484375
2532.982432	34.531250
2542.302106	46.851562
2545.937941	48.109375
2555.249499	48.109375
2564.566240	48.109375
2568.209493	48.109375
2577.518186	48.406250
2581.181900	48.406250
2590.482581	48.406250
2599.788453	48.406250
2603.459237	50.039062
2612.757164	58.500000
2622.060259	58.500000
2625.737991	58.500000
2635.033207	58.500000
2644.333564	60.406250
2648.018127	60.406250
