0.000000	50.039062
10.000000	50.039062
10.000000	50.039062
20.000000	50.781250
22.360680	51.429688
31.622777	51.429688
41.231056	51.429688
44.721360	51.429688
53.851648	51.351562
58.309519	51.351562
67.082039	51.351562
76.157731	51.351562
80.622577	51.273438
89.442719	49.898438
94.339811	49.898438
102.956301	41.203125
111.803399	34.804688
116.619038	34.726562
125.299641	30.687500
134.164079	29.781250
138.924440	29.789062
147.648231	29.742188
152.643375	29.757812
161.245155	29.710938
170.000000	29.671875
174.928557	29.679688
183.575598	29.632812
188.679623	29.648438
197.230829	29.601562
205.912603	29.562500
210.950231	29.570312
219.544984	29.351562
224.722051	28.703125
233.238076	28.234375
241.867732	27.359375
246.981781	26.937500
255.538647	25.445312
264.196896	24.117188
269.258240	23.414062
277.848880	22.953125
283.019434	22.703125
291.547595	22.804688
300.166620	22.703125
305.286750	22.890625
313.847097	22.515625
319.061123	22.109375
327.566787	21.117188
336.154726	20.789062
341.320963	20.796875
349.857114	20.343750
358.468967	20.093750
363.593179	20.250000
372.155881	20.609375
377.359245	20.679688
385.875628	20.296875
394.461658	20.156250
399.624824	20.523438
408.166633	20.687500
413.400532	20.640625
421.900462	20.750000
430.464865	20.945312
435.660418	20.867188
444.184646	20.992188
449.444101	21.148438
457.930126	21.351562
466.476152	21.546875
471.699057	21.640625
480.208288	21.882812
488.773976	22.117188
493.963561	22.164062
502.493781	22.296875
507.740091	22.125000
516.236380	22.015625
524.785671	22.093750
530.000000	22.109375
538.516481	22.234375
543.783045	22.210938
552.268051	22.140625
560.802996	22.007812
566.038868	21.890625
574.543297	22.101562
583.095189	22.296875
588.302643	22.156250
596.824932	22.062500
602.079729	21.992188
610.573501	21.953125
619.112268	21.476562
624.339651	21.375000
632.850693	21.101562
638.122245	21.296875
646.606526	21.609375
655.133574	22.117188
660.378679	22.382812
668.879660	22.843750
674.166152	23.015625
682.641927	23.507812
691.158448	23.664062
696.419414	23.718750
704.911342	23.265625
713.442359	22.898438
718.679344	23.140625
727.186359	23.656250
732.461603	23.984375
740.945342	24.421875
749.466477	24.882812
754.718491	25.304688
763.216876	25.593750
768.505042	25.453125
776.981338	25.320312
785.493475	25.710938
790.759129	25.851562
799.249648	26.257812
807.774721	26.664062
813.019065	26.906250
821.522976	27.835938
826.801064	28.195312
835.284383	29.312500
843.800924	30.421875
849.058302	30.843750
857.554663	31.328125
862.844134	31.523438
871.320836	31.781250
879.829529	32.046875
885.098865	32.140625
893.588272	32.398438
898.888202	32.375000
907.358804	32.593750
915.860251	32.460938
921.140597	32.468750
929.623580	32.476562
938.136451	32.453125
943.398113	32.343750
951.892851	32.539062
957.183368	32.750000
965.660396	33.046875
974.166310	33.367188
979.438615	33.656250
987.927123	34.031250
993.227064	34.351562
1001.698557	34.718750
1010.198000	35.000000
1015.480182	35.000000
1023.962890	35.000000
1032.472760	35.000000
1037.737925	35.000000
1046.231332	35.000000
1051.522705	35.000000
1060.000000	35.000000
1068.503627	35.000000
1073.778376	35.000000
1082.266141	35.000000
1087.566090	35.000000
1096.038320	35.000000
1104.536102	35.000000
1109.819805	35.000000
1118.302285	35.000000
1123.610253	35.000000
1132.077736	35.000000
1140.570033	35.000000
1145.862121	35.000000
1154.339638	35.000000
1162.841348	35.000000
1168.118145	34.960938
1176.605286	34.921875
1181.905242	34.765625
1190.378091	34.726562
1198.874472	34.687500
1204.159458	34.531250
1212.641744	34.492188
1217.949096	34.335938
1226.417547	34.296875
1234.908904	34.367188
1240.201597	35.718750
1248.679302	37.070312
1257.179383	37.070312
1262.457920	37.070312
1270.944531	37.070312
1276.244491	37.070312
1284.717868	36.718750
1293.213053	36.718750
1298.499134	35.960938
1306.981255	35.960938
1312.288078	35.960938
1320.757358	36.140625
1329.247908	36.140625
1334.541120	36.140625
1343.018987	36.140625
1348.332303	38.000000
1356.797700	38.000000
1365.283853	38.000000
1370.583817	38.000000
1379.057649	38.000000
1387.551801	38.000000
1392.838828	38.000000
1401.320806	38.000000
1406.627172	38.000000
1415.097170	38.000000
1423.587019	38.000000
1428.880681	38.000000
1437.358689	38.000000
1442.671134	38.000000
1451.137485	38.000000
1459.623239	38.000000
1464.923206	38.000000
1473.397435	38.000000
1481.890684	38.000000
1487.178537	38.000000
1495.660389	38.000000
1500.966355	38.000000
1509.436981	38.000000
1517.926217	38.000000
1523.220273	37.187500
1531.698404	36.750000
1537.010085	36.750000
1545.477273	36.750000
1553.962677	36.750000
1559.262646	36.750000
1567.737223	37.531250
1573.054354	36.679688
1581.518258	36.679688
1590.000000	36.679688
1595.305613	36.679688
1603.776792	37.039062
1612.265487	37.039062
1617.559891	37.039062
1626.038130	37.039062
1631.349135	37.382812
1639.817063	36.203125
1648.302157	36.203125
1653.602129	36.203125
1662.077014	36.203125
1667.393175	36.203125
1675.857989	35.687500
1684.339633	35.687500
1689.644933	35.632812
1698.116604	35.632812
1706.604817	36.296875
1711.899530	36.296875
1720.377865	36.296875
1725.688268	36.296875
1734.156856	36.296875
1742.641673	36.726562
1747.941647	36.750000
1756.416807	36.750000
1761.732102	36.750000
1770.197729	36.750000
1778.679285	36.960938
1783.984305	36.960938
1792.456415	36.960938
1797.776404	37.078125
1806.239187	37.078125
1814.717609	36.828125
1820.027472	36.828125
1828.496650	36.828125
1836.981219	36.585938
1842.281195	35.820312
1850.756602	34.148438
1856.071119	33.062500
1864.537476	32.109375
1873.018953	30.820312
1878.323721	29.703125
1883.666637	28.796875
1892.115218	28.421875
1897.472002	28.500000
1905.911855	28.531250
1911.282292	28.468750
1916.689855	28.359375
1925.097400	28.046875
1930.518065	27.992188
1938.917224	28.015625
1944.350791	28.218750
1949.820505	28.414062
1958.187938	28.484375
1963.670033	28.703125
1969.187650	28.937500
1977.523704	29.390625
1983.053202	30.000000
1991.381430	31.226562
1996.922632	32.062500
2002.498439	32.953125
2010.795862	34.312500
2016.382900	35.000000
2024.672813	35.000000
2030.270918	35.000000
2035.902748	35.000000
2044.162420	35.000000
2049.804869	35.000000
2055.480479	35.000000
2063.710251	35.000000
2069.396047	35.000000
2077.618829	35.000000
2083.314667	34.695312
2089.042843	34.648438
2097.236277	34.687500
2102.974084	34.640625
2108.743702	34.914062
2116.908123	38.945312
2122.686976	45.757812
2130.844903	48.539062
2136.632865	48.539062
2142.451866	48.539062
2150.581317	42.718750
2156.409052	41.960938
2164.532282	41.960938
2170.368632	41.960938
2176.235281	41.960938
2184.330561	41.960938
2190.205470	40.906250
2196.110198	40.906250
2204.177851	40.312500
2210.090496	40.312500
2218.152384	40.312500
2224.072841	40.609375
2230.022421	40.609375
2238.057193	40.609375
2244.014260	40.609375
2252.043516	41.046875
2258.007972	39.460938
2264.000883	39.460938
2272.003521	39.460938
2278.003512	39.460938
2284.031523	38.242188
2292.007853	38.242188
2298.042645	38.242188
2306.013877	37.820312
2312.055363	37.820312
2318.124242	37.507812
2326.069646	37.507812
2332.144935	37.507812
2340.085469	37.507812
2346.167087	37.507812
2352.275494	41.281250
2360.190670	43.148438
2366.305137	43.148438
2372.445995	43.148438
2380.336111	43.148438
2386.482768	47.648438
2394.368393	47.648438
2400.520777	47.648438
2406.698984	47.648438
2414.560001	48.523438
2420.743687	46.398438
2428.600420	46.398438
2434.789519	46.398438
2441.003892	46.398438
2448.836458	46.398438
2455.056008	40.539062
2461.300469	40.539062
2469.109151	40.179688
2475.358560	40.179688
2483.163305	40.179688
2489.417603	39.937500
2495.696296	39.937500
2503.477581	39.937500
2509.760945	39.937500
2516.068362	41.820312
2523.826460	44.898438
2530.138336	44.898438
2537.892827	44.898438
2544.209111	44.898438
2550.548961	48.640625
2558.280673	49.703125
2564.624729	49.703125
2572.353008	49.703125
2578.701223	49.703125
2585.072533	49.648438
2592.778432	49.648438
2599.153708	49.648438
2605.551765	49.648438
2613.235542	49.601562
2619.637379	47.437500
2627.318024	47.437500
2633.723600	47.437500
2640.151511	47.437500
2647.810416	47.437500
2654.241888	47.382812
2661.897819	44.609375
2668.332813	44.609375
2674.789711	44.609375
2682.424277	44.609375
2688.884527	46.757812
2695.366394	46.757812
2702.979837	46.757812
2709.464892	46.757812
2717.075634	43.523438
2723.563842	43.250000
2730.073259	43.250000
2737.663237	43.250000
2744.175650	43.250000
2751.763071	43.250000
2758.278449	42.562500
2764.814641	42.562500
2772.381648	42.382812
2778.920654	42.382812
2785.480210	43.078125
2793.027032	43.078125
2799.589256	43.078125
2807.133770	43.078125
2813.698633	43.078125
2820.283674	44.476562
2827.808339	44.656250
2834.395879	44.656250
2841.918366	44.656250
2848.508382	44.656250
2855.118211	43.757812
2862.621176	43.757812
2869.233347	43.757812
2875.865087	43.757812
2883.348748	41.328125
2889.982699	41.328125
2897.464409	41.328125
2904.100549	41.328125
2910.755916	41.328125
2918.218635	41.328125
2924.876066	40.179688
2931.552490	40.179688
2938.996427	38.476562
2945.674795	38.953125
2953.116997	38.953125
2959.797290	38.953125
2966.496250	38.953125
2973.919972	38.953125
2980.620741	40.140625
2988.042838	40.140625
2994.745398	40.140625
3001.466308	40.140625
3008.870220	40.140625
3015.592811	40.187500
3022.333536	40.187500
3029.719459	40.187500
3036.461757	40.187500
3043.846251	40.187500
3050.590107	40.187500
3057.351795	40.187500
3064.718584	40.187500
3071.481727	40.187500
3078.847187	40.187500
3085.611771	38.750000
3092.393895	38.750000
3099.741925	38.773438
3106.525390	38.773438
3113.326196	37.812500
3120.656982	37.812500
3127.459033	37.812500
3134.788669	37.812500
3141.591953	37.812500
3148.412298	37.851562
3155.724956	38.679688
3162.546442	38.679688
3169.858041	38.679688
3176.680658	38.679688
3183.520064	43.562500
3190.814943	43.562500
3197.655391	43.562500
3204.512443	43.562500
3211.790778	47.718750
3218.648785	53.039062
3225.926224	53.039062
3232.785177	53.039062
3239.660476	53.039062
3246.921619	53.039062
3253.797781	53.429688
3260.690111	53.429688
3267.935128	53.062500
3274.828240	53.062500
3281.737345	53.679688
3288.966403	53.679688
3295.876211	53.679688
3302.801841	53.679688
3309.743192	53.546875
3316.941362	53.546875
3323.883271	53.546875
3330.840735	53.546875
3338.023367	52.257812
3344.981315	49.796875
3351.954654	49.796875
3358.943286	49.796875
3366.095661	49.796875
3373.084642	44.609375
3380.088756	44.609375
3387.226004	44.609375
3394.230399	44.609375
3401.249770	41.523438
3408.284026	41.523438
3415.391632	39.117188
3422.426040	39.117188
3429.475179	39.023438
3436.568055	39.023438
3443.617284	39.023438
3450.681092	39.023438
3457.759390	40.109375
3464.823228	40.109375
3471.901496	40.109375
3478.994107	40.109375
3486.043603	42.640625
3493.136127	43.476562
3500.242849	43.476562
3507.363682	43.476562
3514.384726	43.476562
3521.505360	43.390625
3528.639965	43.390625
3535.647041	43.390625
3542.781393	43.390625
3549.929577	41.632812
3557.091509	41.632812
3564.070706	40.312500
3571.232280	40.312500
3578.407467	39.640625
3585.373063	39.640625
3592.547842	39.640625
3599.736101	39.640625
3606.937759	39.437500
3613.876036	39.437500
3621.077188	39.437500
3628.291609	39.437500
3635.216637	39.273438
3642.430507	39.882812
3649.657518	39.882812
3656.569430	39.882812
3663.795846	39.882812
3671.035276	38.960938
3678.287645	38.960938
3685.172995	38.960938
3692.424678	38.960938
3699.689176	38.171875
3706.561749	38.578125
3713.825521	38.578125
3721.101987	38.578125
3728.391074	38.250000
3735.237610	38.250000
3742.525885	38.250000
3749.826663	38.250000
3756.660751	38.250000
3763.960680	38.296875
3771.272995	38.296875
3778.597623	38.296875
3785.406187	38.750000
3792.729888	47.859375
3800.065789	47.859375
3806.862225	47.859375
3814.197163	47.859375
3821.544191	48.812500
3828.903237	48.812500
3835.674647	48.812500
3843.032657	48.812500
3850.402576	40.531250
3857.162169	35.000000
3864.531019	35.000000
3871.911673	35.000000
3879.304061	35.000000
3886.039115	35.000000
3893.430364	34.273438
3900.833244	34.335938
3907.556781	34.210938
3914.958493	34.218750
3922.371731	34.234375
3929.796432	34.304688
3936.495904	34.281250
3943.919370	34.320312
3951.354198	34.195312
3958.042445	34.179688
3965.476012	34.132812
3972.920840	33.210938
3980.376867	32.015625
3987.041510	31.914062
3994.496214	32.468750
4001.962019	32.828125
4008.615721	32.554688
4016.080178	32.109375
4023.555641	32.125000
4031.042049	32.117188
4037.672597	32.101562
4045.157599	32.000000
4052.653452	31.750000
4059.273334	31.617188
4066.767758	31.320312
4074.272941	31.203125
4081.788824	31.265625
4088.385990	30.843750
4095.900389	30.914062
4103.425398	30.914062
4110.012165	30.734375
4117.535671	30.703125
4125.069696	30.679688
4131.646161	30.523438
4139.178662	30.476562
4146.721597	30.476562
4154.274907	30.468750
4160.829244	30.304688
4168.380981	30.335938
4175.943007	30.445312
4182.487298	30.367188
4190.047732	30.195312
4197.618372	30.015625
4205.199163	30.023438
4211.721738	29.804688
4219.300890	29.867188
4226.890110	29.703125
4233.402887	29.601562
4240.990450	29.703125
4248.588001	29.804688
4256.195484	29.765625
4262.686946	29.617188
4270.292730	29.476562
4277.908367	29.117188
4284.390272	28.976562
4292.004194	28.929688
4299.627891	28.898438
4307.261311	28.687500
4313.722291	28.523438
4321.353954	28.265625
4328.995264	28.117188
4335.446920	28.093750
4343.086460	28.132812
4350.735570	28.031250
4358.394200	27.953125
4364.825312	27.968750
4372.482133	27.992188
4380.148399	27.992188
4386.570414	27.859375
4394.234859	27.718750
4401.908677	27.820312
4409.591818	28.070312
4415.993659	28.023438
4423.674943	28.148438
4431.365478	28.210938
4437.758443	28.156250
4445.447109	28.343750
4453.144956	28.484375
4460.851937	28.539062
4467.225089	28.492188
4474.930167	28.500000
4482.644309	28.593750
4489.008799	28.757812
4496.721028	28.945312
4504.442252	29.023438
4512.172426	29.062500
4518.517456	29.242188
4526.245685	29.273438
4533.982797	29.195312
4540.319372	29.367188
4548.054529	29.226562
4555.798503	28.945312
4562.126697	28.679688
4569.868707	28.515625
4577.619469	28.460938
4585.378937	28.445312
4591.688143	28.320312
4599.445619	28.273438
4607.211738	28.187500
4613.512761	28.343750
4621.276880	28.039062
4629.049578	27.867188
4636.830814	29.804688
4643.113180	30.242188
4650.892387	30.218750
4658.680071	30.375000
4664.954448	30.476562
4672.740095	30.695312
4680.534158	30.921875
4688.336592	31.148438
4694.592634	31.242188
4702.393008	31.453125
4710.201694	31.609375
4716.449936	31.703125
4724.256555	32.570312
4732.071428	41.250000
4739.894514	41.500000
4746.124735	41.500000
4753.945730	41.500000
4761.774879	39.882812
