0.000000	44.046875
10.000000	44.046875
10.000000	44.046875
14.142136	39.328125
20.000000	44.046875
22.360680	39.328125
31.622777	39.328125
36.055513	39.328125
44.721360	40.031250
53.851648	40.031250
58.309519	41.117188
67.082039	41.117188
76.157731	39.687500
80.622577	39.687500
89.442719	39.687500
98.488578	39.687500
107.703296	38.500000
111.803399	38.500000
120.830460	38.500000
130.000000	37.945312
134.164079	37.617188
143.178211	36.968750
152.315462	36.343750
156.524758	36.023438
165.529454	36.671875
174.642492	37.328125
178.885438	37.687500
187.882942	37.687500
196.977156	37.687500
206.155281	37.656250
210.237960	39.148438
219.317122	39.148438
228.473193	39.148438
232.594067	39.148438
241.660919	45.562500
250.798724	45.562500
254.950976	50.226562
264.007576	50.226562
273.130006	48.710938
282.311884	48.710938
286.356421	48.710938
295.465734	46.664062
304.630924	43.960938
308.706981	43.343750
317.804972	41.710938
326.955654	40.976562
331.058907	41.226562
340.147027	40.859375
349.284984	40.859375
358.468967	40.859375
362.491379	40.859375
371.618084	40.648438
380.788655	40.648438
384.837628	40.648438
393.954312	40.648438
403.112887	41.171875
407.185461	42.140625
416.293166	42.140625
425.440948	42.140625
434.626276	41.750000
438.634244	41.453125
447.772264	40.804688
456.946386	40.015625
460.977223	39.687500
470.106371	38.187500
479.270279	37.734375
483.321839	37.046875
492.442890	36.664062
501.597448	35.679688
505.667875	35.679688
514.781507	34.703125
523.927476	33.906250
533.104117	33.585938
537.121960	33.585938
546.260011	33.257812
555.427763	32.726562
559.464029	32.554688
568.594759	31.320312
577.754273	30.015625
581.807528	29.976562
590.931468	29.000000
600.083328	29.000000
609.261848	29.000000
613.269924	29.000000
622.414653	29.000000
631.585307	29.000000
635.609943	29.000000
644.748013	29.000000
653.911309	29.000000
657.951366	29.000000
667.083203	29.000000
676.239603	29.000000
685.419580	29.000000
689.420046	29.000000
698.569968	29.000000
707.742891	29.000000
711.758386	29.000000
720.902213	29.000000
730.068490	29.000000
734.098086	29.000000
743.236167	29.000000
752.396172	29.000000
761.577311	29.000000
765.571682	29.000000
774.725758	29.000000
783.900504	29.000000
787.908624	29.000000
797.057087	29.000000
806.225775	29.000000
810.246876	29.000000
819.390017	29.000000
828.552955	29.000000
832.586332	29.000000
841.724420	29.000000
850.881895	29.000000
860.058138	32.007812
864.060183	33.859375
873.212460	33.859375
882.383137	33.859375
886.397202	33.859375
895.544527	32.000000
904.709898	32.000000
908.735385	32.000000
917.877988	32.000000
927.038295	32.000000
936.215787	32.000000
940.212742	32.000000
949.368211	32.000000
958.540557	32.000000
962.548700	32.000000
971.699542	32.000000
980.866963	32.000000
984.885780	32.000000
994.032193	32.000000
1003.194896	32.000000
1012.373449	32.000000
1016.366076	32.000000
1025.524256	32.000000
1034.698024	32.000000
1038.701112	32.000000
1047.854952	31.875000
1057.024125	32.000000
1061.037228	32.000000
1070.186900	32.000000
1079.351657	31.445312
1088.531120	30.726562
1092.520023	30.679688
1101.680534	30.421875
1110.855526	30.148438
1114.854251	30.031250
1124.010676	29.773438
1133.181362	29.554688
1142.365966	29.398438
1146.342008	29.343750
1155.508546	29.062500
1164.688800	28.757812
1173.882447	28.554688
1177.837001	28.445312
1187.013058	28.250000
1196.202324	28.210938
1205.404496	28.195312
1209.338662	28.093750
1218.523697	27.835938
1227.721467	27.523438
1231.665539	27.437500
1240.846485	27.187500
1250.039999	26.859375
1259.245806	26.593750
1263.170614	26.539062
1272.360012	26.320312
1281.561547	25.960938
1290.774961	25.593750
1294.681428	25.484375
1303.878829	25.257812
1313.087964	24.945312
1317.004176	24.773438
1326.197572	24.250000
1335.402561	23.851562
1344.618905	23.468750
1348.517705	23.414062
1357.718675	23.203125
1366.930869	23.000000
1376.154061	22.773438
1380.036231	22.757812
1389.244399	22.562500
1398.463442	22.265625
1407.693148	21.929688
1411.559421	21.937500
1420.774437	21.703125
1430.000000	21.570312
1433.875866	21.671875
1443.086969	21.656250
1452.308507	21.671875
1461.540283	21.562500
1465.400969	21.523438
1474.618595	21.273438
1483.846353	21.125000
1493.084057	20.937500
1496.930192	20.843750
1506.154043	20.617188
1515.387739	20.539062
1524.631103	20.421875
1528.463281	20.359375
1537.693077	20.164062
1546.932448	19.929688
1550.774000	19.859375
1560.000000	19.710938
1569.235483	19.632812
1578.480282	19.531250
1582.308440	19.484375
1591.540135	19.320312
1600.781059	19.171875
1610.031056	19.031250
1613.846337	19.000000
1623.083485	18.882812
1632.329624	18.757812
1636.154027	18.718750
1645.387492	18.554688
1654.629868	18.414062
1663.881005	18.343750
1667.693017	18.265625
1676.931722	18.156250
1686.179113	18.046875
1695.435047	17.968750
1699.235122	17.867188
1708.478856	17.726562
1717.731062	17.625000
1726.991604	17.406250
1730.780171	17.304688
1740.028735	17.070312
1749.285568	16.554688
1753.082999	16.382812
1762.328006	16.093750
1771.581215	15.671875
1780.842497	15.242188
1784.628813	15.062500
1793.878480	14.820312
1803.136157	14.617188
1812.401721	14.656250
1816.177304	14.687500
1825.431456	14.335938
1834.693435	14.101562
1843.963123	14.109375
1847.728335	14.093750
1856.986807	13.734375
1866.252930	13.304688
1870.026738	13.320312
1879.281778	13.570312
1888.544413	14.335938
1897.814533	14.906250
1901.578292	15.023438
1910.837513	15.062500
1920.104164	15.085938
1929.378138	15.468750
1933.132173	15.632812
1942.395428	15.937500
1951.665955	16.585938
1955.428342	17.039062
1964.688270	18.281250
1973.955420	18.710938
1983.229689	18.679688
1986.982637	18.835938
1996.246478	19.367188
2005.517390	20.414062
2014.795275	22.007812
2018.539076	22.984375
2027.806697	24.289062
2037.081245	25.289062
2046.362627	26.851562
2050.097559	27.085938
2059.368835	27.226562
2068.646901	27.750000
2072.389925	39.273438
2081.657993	39.054688
2090.932806	38.726562
2100.214275	38.554688
2103.948669	39.203125
2113.220291	39.203125
2122.498528	39.203125
2131.783291	40.351562
2135.509307	41.156250
2144.784371	41.156250
