0.000000	17.960938
10.000000	17.960938
10.000000	17.960938
14.142136	17.750000
20.000000	17.960938
22.360680	17.750000
31.622777	17.750000
36.055513	17.750000
44.721360	16.281250
53.851648	16.281250
63.245553	16.281250
67.082039	16.820312
76.157731	15.796875
85.440037	15.796875
94.868330	15.796875
98.488578	15.796875
107.703296	15.460938
117.046999	15.460938
126.491106	15.460938
130.000000	15.460938
139.283883	15.406250
148.660687	15.406250
158.113883	15.406250
161.554944	15.257812
170.880075	15.156250
180.277564	15.156250
189.736660	15.156250
193.132079	15.156250
202.484567	16.289062
211.896201	16.289062
221.359436	16.289062
224.722051	16.289062
234.093998	15.617188
243.515913	15.085938
252.982213	14.445312
256.320112	14.234375
265.706605	13.859375
275.136330	13.757812
284.604989	13.679688
287.923601	13.781250
297.321375	12.507812
306.757233	10.664062
316.227766	9.617188
319.530906	10.125000
328.937684	9.593750
338.378486	9.031250
347.850543	8.351562
351.140997	7.945312
360.555128	6.585938
370.000000	5.382812
373.363094	4.906250
382.753184	4.585938
392.173431	4.468750
395.600809	4.429688
404.969135	4.398438
414.366987	4.453125
417.851648	4.546875
427.200187	4.664062
436.577599	4.750000
440.113622	4.812500
449.444101	4.906250
458.802790	5.070312
462.385121	5.148438
471.699057	5.335938
481.040539	5.421875
484.664833	5.335938
493.963561	5.296875
503.289181	5.273438
512.640225	5.250000
516.236380	5.234375
525.547334	5.265625
534.883165	5.406250
538.516481	5.578125
547.813837	5.992188
557.135531	6.460938
560.802996	6.734375
570.087713	7.046875
579.396237	7.250000
583.095189	7.304688
592.368129	7.312500
601.664358	7.265625
605.392435	7.234375
614.654374	7.382812
623.939100	7.523438
627.694193	7.484375
636.945838	7.468750
646.219777	7.445312
655.515065	7.492188
659.241989	7.546875
668.505797	7.601562
677.790528	7.585938
681.542368	7.539062
690.796642	7.640625
700.071425	7.757812
703.846574	7.812500
713.091859	7.882812
722.357252	7.937500
726.154254	7.976562
735.391052	7.921875
744.647568	7.843750
748.465096	7.796875
757.693870	7.718750
766.941980	7.617188
770.778827	7.562500
780.000000	7.554688
789.240141	7.507812
793.095202	7.523438
802.309167	7.625000
811.541743	7.625000
820.792300	7.484375
824.621125	7.359375
833.846509	7.218750
843.089556	7.210938
846.935653	7.265625
856.154192	7.296875
865.390085	7.195312
869.252552	7.085938
878.464570	7.007812
887.693641	6.976562
891.571646	6.968750
900.777442	6.898438
910.000000	6.726562
913.892773	6.617188
923.092628	6.640625
932.308962	6.679688
936.215787	6.632812
945.409964	6.617188
954.620343	6.726562
963.846461	6.750000
967.729301	6.625000
976.933979	6.531250
986.154146	6.421875
990.050504	6.375000
999.249719	6.343750
1008.464179	6.234375
1012.373449	6.140625
1021.567423	6.171875
1030.776406	6.218750
1034.698024	6.195312
1043.886967	6.101562
1053.090689	6.000000
1057.024125	5.945312
1066.208235	5.914062
1075.406900	5.820312
1079.351657	5.796875
1088.531120	5.781250
1097.724920	5.765625
1101.680534	5.765625
1110.855526	5.835938
1120.044642	5.937500
1129.247537	5.976562
1133.181362	5.984375
1142.365966	6.007812
1151.564154	5.945312
1155.508546	5.859375
1164.688800	5.718750
1173.882447	5.625000
1177.837001	5.625000
1187.013058	5.601562
1196.202324	5.523438
1200.166655	5.468750
1209.338662	5.468750
1218.523697	5.468750
1222.497444	5.453125
1231.665539	5.445312
1240.846485	5.476562
1244.829306	5.484375
1253.993620	5.421875
1263.170614	5.429688
1272.360012	5.429688
1276.322843	5.367188
1285.496013	5.335938
1294.681428	5.390625
1298.653148	5.414062
1307.822618	5.289062
1317.004176	5.109375
1320.984481	5.031250
1330.150367	4.984375
1339.328190	4.914062
1343.316791	4.851562
1352.479205	4.867188
1361.653407	4.929688
1365.650028	4.984375
1374.809078	5.039062
1383.979769	5.125000
1387.984150	5.171875
1397.139936	5.171875
1406.307221	5.179688
1410.319113	5.171875
1419.471733	5.210938
1428.635713	5.296875
1437.810836	5.367188
1441.804425	5.359375
1450.965196	5.367188
1460.136980	5.421875
1464.137972	5.390625
1473.295625	5.445312
1482.464165	5.757812
1486.472334	5.976562
1495.626959	6.078125
1504.792344	6.109375
1508.807476	6.132812
1517.959156	6.234375
1527.121475	6.351562
1531.143364	6.398438
1540.292180	6.398438
1549.451516	6.351562
1553.479964	6.343750
1562.625995	6.484375
1571.782428	6.617188
1575.817248	6.640625
1584.960567	6.718750
1594.114174	6.804688
1603.277892	7.023438
1607.295866	7.164062
1616.446720	7.367188
1625.607579	7.585938
1629.631860	7.617188
1638.780034	7.617188
1647.938106	7.593750
1651.968523	7.578125
1661.114084	7.671875
1670.269439	7.781250
1674.305826	7.843750
1683.448841	7.921875
1692.601548	7.945312
1696.643746	7.937500
1705.784277	7.992188
1714.934401	8.039062
1718.982257	8.000000
1728.120366	8.007812
1737.267970	8.109375
1741.321337	8.125000
1750.457083	8.148438
1759.602228	8.125000
1763.660965	8.000000
1772.794404	8.070312
1781.937148	8.351562
1791.089054	8.726562
1795.132307	8.929688
1804.272707	9.093750
1813.422179	9.156250
1817.470770	9.132812
1826.608880	9.125000
1835.755975	9.101562
1839.809773	9.109375
1848.945645	9.156250
1858.090418	9.203125
1862.149296	9.117188
1871.282982	9.093750
1880.425484	9.164062
1884.489321	9.164062
1893.620870	9.179688
1902.761152	9.226562
1906.829830	9.242188
1915.959290	9.250000
1925.097400	9.289062
1929.170806	9.312500
1938.298223	9.312500
1947.434209	9.296875
1951.512234	9.281250
1960.637651	9.343750
1969.771560	9.414062
1973.854098	9.359375
1982.977559	9.359375
1992.109435	9.359375
2001.249610	9.406250
2005.317930	9.421875
2014.447815	9.390625
2023.585926	9.289062
2027.658748	9.171875
2036.786685	9.125000
2045.922775	9.156250
2050.000000	9.156250
2059.126028	9.156250
2068.260138	9.125000
2072.341671	9.070312
2081.465830	9.046875
2090.598001	9.078125
2094.683747	8.992188
2103.806075	8.867188
2112.936345	8.859375
2117.026216	8.960938
2126.146749	9.125000
2135.275158	9.187500
2139.369066	9.140625
2148.487840	9.093750
2157.614423	9.039062
2161.712284	8.960938
2170.829335	8.984375
2179.954128	9.101562
2184.055860	9.101562
2193.171220	9.109375
2202.294258	9.140625
2211.424880	9.179688
2215.513484	9.257812
2224.634801	9.296875
2233.763640	9.203125
2237.856117	9.125000
2246.975745	9.156250
2256.102835	9.203125
2260.199106	9.210938
2269.317078	9.250000
2278.442450	9.234375
2282.542442	9.156250
2291.658788	9.093750
2300.782476	9.070312
2304.886114	9.062500
2314.000864	9.023438
2323.122898	9.000000
2327.230113	8.968750
2336.343297	8.875000
2345.463707	8.765625
2349.574430	8.687500
2358.686075	8.664062
2367.804891	8.656250
2371.919054	8.554688
2381.029189	8.546875
2390.146439	8.507812
2394.263979	8.421875
2403.372630	8.437500
2412.488342	8.523438
2416.609195	8.531250
2425.716389	8.468750
2434.830590	8.398438
2443.951718	8.382812
2448.060457	8.312500
2457.173173	8.250000
2466.292764	8.210938
2470.404825	8.093750
2479.516082	7.898438
2488.634164	7.765625
2492.749486	7.710938
2501.859309	7.773438
2510.975906	7.718750
2515.094432	7.570312
2524.202844	7.531250
2533.317982	7.515625
2537.439654	7.414062
2546.546681	7.359375
2555.660384	7.328125
2559.785147	7.218750
2568.890811	7.132812
2578.003103	7.078125
2582.130903	6.968750
2591.235227	6.929688
2600.346131	6.812500
2604.476915	6.656250
2613.579920	6.593750
2622.689459	6.492188
2626.823176	6.375000
2635.924885	6.312500
2645.033081	6.210938
2649.169681	6.000000
2658.270114	5.796875
2667.376989	5.632812
2671.516423	5.437500
2680.615601	5.242188
2689.721175	5.039062
2693.863397	4.773438
2702.961339	4.507812
2712.065633	4.218750
2716.210596	3.914062
2725.307322	3.617188
2734.410357	3.250000
2743.519637	2.882812
2747.653544	2.593750
2756.755339	2.265625
2765.863337	1.906250
2770.000000	1.554688
2779.100574	1.164062
2788.207309	0.796875
2792.346683	0.468750
2801.446055	0.101562
2810.551547	-0.250000
2814.693589	-0.601562
2823.791777	-0.929688
2832.896045	-1.187500
2837.040712	-1.367188
2846.137734	-1.585938
2855.240795	-1.828125
2859.388046	-1.960938
2868.483920	-2.070312
2877.585794	-2.187500
2881.735588	-2.273438
2890.830331	-2.328125
2899.931034	-2.375000
2904.083332	-2.414062
2913.176960	-2.453125
2922.276510	-2.484375
2926.431274	-2.546875
2935.523803	-2.656250
2944.622217	-2.742188
2948.779409	-2.765625
2957.870856	-2.804688
2966.968149	-2.843750
2971.127732	-2.843750
2980.218113	-2.812500
2989.314303	-2.757812
2993.476240	-2.734375
3002.565570	-2.757812
3011.660671	-2.789062
3020.761493	-2.781250
3024.913222	-2.750000
3034.007251	-2.765625
3043.106965	-2.789062
3047.261065	-2.773438
3056.354037	-2.765625
3065.452658	-2.789062
3069.609096	-2.804688
3078.701025	-2.882812
3087.798569	-2.945312
3091.957309	-2.921875
3101.048210	-3.000000
3110.144691	-3.117188
3114.305701	-3.273438
3123.395588	-3.476562
3132.491022	-3.664062
3136.654268	-3.828125
3145.743155	-4.031250
3154.837555	-4.234375
3159.003007	-4.406250
3168.090908	-4.445312
3177.184288	-4.453125
3181.351914	-4.414062
3190.438841	-4.367188
3199.531216	-4.289062
3203.700985	-4.195312
3212.786952	-4.179688
3221.878334	-4.132812
3226.050217	-3.929688
3235.135237	-3.679688
3244.225640	-3.421875
3248.399606	-3.156250
3257.483691	-2.937500
3266.573128	-2.687500
3270.749150	-2.421875
3279.832313	-2.250000
3288.920796	-2.007812
3293.098845	-1.710938
3302.181097	-1.500000
3311.268639	-1.398438
3320.361426	-1.320312
3324.530042	-1.312500
3333.616655	-1.179688
3342.708483	-0.960938
3346.879143	-0.867188
3355.964839	-0.757812
3365.055720	-0.632812
3369.228398	-0.320312
3378.313189	0.023438
3387.403135	1.093750
3396.498197	3.429688
3400.661700	6.664062
3409.750724	9.867188
3418.844834	12.687500
3427.943990	14.429688
3432.098483	16.687500
3441.191654	16.960938
3450.289843	17.109375
3454.446410	17.156250
3463.538653	17.140625
3472.635886	17.140625
3481.738072	17.132812
3485.885827	17.117188
3494.982117	17.406250
3504.083332	17.406250
3513.189434	17.406250
3517.328532	17.562500
3526.428788	17.679688
3535.533906	17.679688
3544.643847	17.679688
3548.774436	17.679688
3557.878581	17.687500
3566.987525	17.687500
3571.120272	17.687500
3580.223457	17.687500
3589.331414	16.929688
3598.444108	16.929688
3602.568528	16.843750
3611.675511	16.843750
3620.787207	16.726562
3629.903580	16.726562
3634.019813	16.726562
3643.130522	16.726562
3652.245884	16.742188
3661.365865	16.742188
3665.474048	16.742188
